0.54987171; 32
0.54989720; 2
0.54992552; 11000
0.54996476; 670
0.55000329; 75
0.55003323; 10
0.55012815; 680
0.55014800; 2
0.55015430; 190
0.55017024; 36
0.55019440; 300
0.55020340; 15
0.55027193; 30
0.55030258; 38
0.55032560; 3
0.55032657; 130
0.55033870; 7
0.55034730; 23
0.55036980; 15
0.55041300; 0
0.55043020; 2800
0.55044500; 0
0.55049170; 3
0.55049640; 22
0.55055470; 15
0.55059340; 38
0.55060780; 38
0.55061130; 5
0.55063340; 22
0.55064230; 23
0.55066760; 7
0.55069196; 400
0.55072950; 7
0.55075385; 700
0.55075806; 72
0.55077620; 6
0.55079552; 80
0.55080516; 40
0.55085585; 540
0.55091020; 19
0.55099936; 5400
0.55103742; 56
0.55104974; 110
0.55106833; 200
0.55110608; 120
0.55121910; 60
0.55127003; 50
0.55130840; 15
0.55133030; 1
0.55133700; 15
0.55138710; 60
0.55144380; 30
0.55147430; 75
0.55148730; 3500
0.55158450; 31
0.55165845; 25
0.55166680; 2
0.55174550; 31
0.55176180; 18
0.55177953; 43
0.55181520; 12
0.55187242; 42
0.55189896; 640
0.55192354; 310
0.55193370; 4
0.55203420; 34
0.55207497; 50
0.55207530; 75
0.55209550; 14
0.55214522; 32
0.55217400; 1
0.55217532; 500
0.55221070; 30
0.55224160; 24
0.55226118; 28
0.55231676; 85
0.55232724; 27
0.55234310; 150
0.55234510; 40
0.55235419; 30
0.55236900; 2
0.55239527; 30
0.55242188; 230
0.55245826; 1100
0.55246305; 180
0.55251578; 110
0.55257990; 16
0.55258560; 2
0.55260950; 25
0.55262413; 26
0.55263134; 32
0.55264365; 39
0.55265315; 130
0.55269830; 8
0.55270740; 16
0.55272952; 530
0.55274832; 67
0.55274832; 67
0.55280039; 56
0.55280039; 56
0.55282275; 560
0.55283059; 66
0.55287281; 33
0.55290973; 250
0.55294720; 23
0.55296510; 37
0.55297810; 14
0.55300764; 130
0.55306978; 220
0.55308430; 16
0.55314830; 8
0.55315722; 39
0.55321790; 110
0.55324810; 8
0.55326800; 13
0.55327830; 140
0.55331464; 150
0.55332175; 170
0.55332524; 160
0.55334670; 40
0.55336080; 25
0.55339630; 32
0.55344390; 40
0.55345862; 28
0.55349600; 0
0.55355100; 1
0.55356960; 12
0.55359711; 230
0.55363321; 54
0.55364300; 18
0.55369801; 110
0.55371307; 300
0.55372900; 5
0.55375567; 440
0.55376630; 7
0.55377490; 8
0.55378420; 16
0.55384937; 190
0.55385212; 64
0.55386082; 770
0.55392618; 14000
0.55399106; 1700
0.55401020; 60
0.55403800; 8
0.55411468; 470
0.55412940; 22
0.55415816; 340
0.55419357; 220
0.55420270; 24
0.55424720; 37
0.55424723; 27
0.55427572; 27
0.55428901; 2400
0.55433730; 14
0.55434724; 47
0.55436720; 15
0.55438800; 1
0.55442520; 32
0.55443850; 24
0.55444050; 30
0.55445430; 16
0.55448790; 8
0.55450492; 7
0.55453230; 30
0.55458059; 100
0.55461204; 260
0.55464940; 14
0.55466265; 30
0.55471340; 210
0.55476554; 40
0.55478240; 22
0.55481760; 5100
0.55483788; 140
0.55485160; 150
0.55500330; 10
0.55509880; 16
0.55511917; 190
0.55513720; 660
0.55515150; 22
0.55517412; 40
0.55526230; 530
0.55533470; 6
0.55534159; 44
0.55540227; 29
0.55541460; 9
0.55545510; 37
0.55546920; 33
0.55551120; 8
0.55555313; 520
0.55558342; 48
0.55561487; 230
0.55570456; 4800
0.55573085; 250
0.55579215; 130
0.55583424; 6600
0.55584344; 280
0.55584654; 73
0.55587020; 25
0.55588438; 210
0.55588438; 210
0.55591427; 69
0.55595260; 24
0.55598912; 2200
0.55600000; 24
0.55600540; 110
0.55603390; 36
0.55605470; 12
0.55606217; 75
0.55612030; 19
0.55628470; 41
0.55631960; 2
0.55633745; 59
0.55635820; 20
0.55636370; 6
0.55642012; 700
0.55643690; 93
0.55646910; 16
0.55648060; 200
0.55650080; 81
0.55651060; 19
0.55661600; 20
0.55667300; 22
0.55673930; 13
0.55679269; 43
0.55679986; 720
0.55680133; 370
0.55685398; 130
0.55688400; 130
0.55692570; 11
0.55694860; 17
0.55702650; 8
0.55707605; 37
0.55709270; 370
0.55711915; 4900
0.55712654; 410
0.55716199; 35
0.55720969; 110
0.55724650; 3300
0.55725410; 10
0.55733536; 10000
0.55735990; 17
0.55737720; 8
0.55738709; 79
0.55740280; 17
0.55748760; 36
0.55749153; 110
0.55751620; 9
0.55752640; 14
0.55754460; 35
0.55755290; 17
0.55759936; 380
0.55762048; 2200
0.55763054; 150
0.55765100; 14
0.55771100; 19
0.55774890; 150
0.55776020; 89
0.55776857; 9
0.55779050; 190
0.55780910; 17
0.55785210; 4
0.55793584; 4900
0.55799900; 35
0.55800769; 530
0.55802122; 24
0.55803925; 180
0.55807547; 470
0.55812826; 26
0.55813700; 9
0.55823667; 420
0.55826100; 1
0.55826789; 160
0.55828672; 330
0.55830740; 14
0.55837621; 620
0.55841667; 92
0.55844360; 23
0.55849830; 17
0.55851210; 29
0.55858473; 120
0.55858840; 44
0.55859864; 32
0.55862550; 17
0.55864530; 300
0.55866580; 59
0.55870264; 20000
0.55877351; 150
0.55878560; 20
0.55881000; 0
0.55886620; 29
0.55888686; 250
0.55893278; 24
0.55894120; 18
0.55895490; 15
0.55896710; 13
0.55899120; 34
0.55902154; 100
0.55905927; 48
0.55911240; 7
0.55912700; 22
0.55919080; 140
0.55921250; 22
0.55922000; 1
0.55925970; 18
0.55927960; 37
0.55932683; 140
0.55934800; 120
0.55935200; 1
0.55936120; 820
0.55941638; 51
0.55945830; 160
0.55950637; 4900
0.55956097; 170
0.55957623; 48
0.55957780; 46
0.55958463; 330
0.55959557; 310
0.55961520; 81
0.55968375; 76
0.55984450; 37
0.55992740; 93
0.55993000; 120
0.55995730; 19
0.55996550; 590
0.55998650; 29
0.56004670; 580
0.56011360; 24
0.56011910; 39
0.56015060; 78
0.56016032; 5000
0.56019340; 19
0.56026200; 0
0.56026261; 140
0.56030600; 78
0.56037640; 200
0.56039355; 3
0.56045156; 1100
0.56046660; 120
0.56048140; 19
0.56052470; 120
0.56052957; 320
0.56063861; 930
0.56065390; 66
0.56067330; 35
0.56068030; 190
0.56070870; 98
0.56071929; 81
0.56081000; 66
0.56093000; 170
0.56095736; 400
0.56095799; 5
0.56098554; 47
0.56101044; 1400
0.56102308; 2100
0.56103287; 430
0.56106811; 2300
0.56111440; 8
0.56116670; 2
0.56117750; 24
0.56120681; 2400
0.56124389; 64
0.56126174; 330
0.56126174; 330
0.56126174; 330
0.56141870; 24
0.56143370; 24
0.56145150; 50
0.56148853; 62
0.56150071; 84
0.56150080; 82
0.56153195; 7100
0.56156350; 120
0.56157287; 270
0.56158790; 99
0.56163332; 42
0.56164380; 19
0.56165030; 46
0.56166909; 180
0.56169450; 29
0.56172170; 18
0.56172600; 0
0.56172898; 110
0.56176417; 180
0.56185623; 35
0.56186300; 25
0.56187380; 21
0.56189258; 41
0.56190073; 230
0.56194220; 15
0.56194780; 9
0.56195260; 9
0.56196840; 39
0.56197202; 130
0.56199755; 550
0.56200193; 170
0.56209180; 120
0.56212872; 77
0.56215100; 0
0.56215100; 0
0.56217884; 81
0.56230650; 8
0.56231390; 6
0.56234110; 19
0.56234740; 9
0.56240050; 1
0.56241460; 79
0.56244670; 12
0.56245605; 81
0.56246670; 18
0.56247713; 74
0.56249130; 270
0.56254950; 7
0.56256764; 10
0.56260599; 110
0.56260850; 23
0.56261690; 9
0.56267369; 91
0.56270090; 29
0.56276060; 29
0.56283580; 22
0.56285680; 7
0.56286240; 23
0.56289630; 7
0.56291740; 23
0.56293099; 160
0.56297310; 16
0.56298560; 16
0.56302310; 41
0.56302969; 740
0.56304110; 82
0.56305890; 24
0.56311110; 24
0.56311568; 8
0.56313810; 1
0.56320360; 120
0.56321182; 110
0.56321850; 18
0.56324927; 82
0.56327735; 200
0.56328725; 190
0.56332951; 800
0.56335922; 35
0.56336500; 38
0.56340890; 22
0.56342210; 120
0.56343060; 20
0.56346190; 99
0.56346610; 2
0.56351750; 49
0.56354090; 16
0.56354820; 20
0.56358792; 230
0.56358812; 13
0.56366250; 10
0.56387670; 9
0.56393060; 44
0.56394600; 100
0.56397463; 2800
0.56400810; 430
0.56412416; 120
0.56415575; 480
0.56417343; 560
0.56424130; 2
0.56431086; 110
0.56433500; 28
0.56435960; 8
0.56437790; 8
0.56439367; 44
0.56441090; 13
0.56442310; 8
0.56450840; 17
0.56455245; 830
0.56456689; 940
0.56458499; 110
0.56458948; 550
0.56462050; 9
0.56462550; 9
0.56463590; 69
0.56464515; 520
0.56471080; 17
0.56477069; 180
0.56478780; 8
0.56488561; 71
0.56489186; 120
0.56489909; 1500
0.56492180; 17
0.56492916; 93
0.56497370; 10
0.56503276; 110
0.56503581; 370
0.56507040; 20
0.56509120; 10
0.56513260; 50
0.56514460; 17
0.56521640; 44
0.56524330; 17
0.56525700; 9
0.56526640; 35
0.56529020; 140
0.56532090; 17
0.56534260; 19
0.56536800; 0
0.56538380; 19
0.56539150; 8
0.56540200; 2
0.56540234; 340
0.56544555; 8
0.56545185; 230
0.56546070; 9
0.56551290; 14
0.56552130; 19
0.56552360; 2
0.56554898; 120
0.56562999; 35
0.56567274; 110
0.56571804; 120
0.56572950; 18
0.56576364; 80
0.56579254; 1900
0.56585790; 16
0.56586976; 76
0.56592160; 50
0.56598780; 20
0.56600163; 62
0.56603640; 10
0.56606594; 160
0.56614080; 9
0.56630413; 390
0.56634450; 0
0.56639791; 52
0.56642256; 61
0.56646212; 580
0.56649992; 73
0.56651798; 4300
0.56655090; 32
0.56656282; 580
0.56657720; 18
0.56664185; 85
0.56671279; 1100
0.56672900; 0
0.56675090; 20
0.56680160; 10
0.56683380; 30
0.56684070; 22
0.56687860; 9
0.56688900; 28
0.56692320; 9
0.56698420; 190
0.56699600; 0
0.56701990; 10
0.56706730; 11
0.56708120; 14
0.56710711; 90
0.56712500; 100
0.56714969; 52
0.56727230; 27
0.56728521; 150
0.56729766; 6
0.56732130; 17
0.56738363; 390
0.56739540; 18
0.56741190; 19
0.56741690; 20
0.56744637; 45
0.56745940; 4
0.56749862; 910
0.56750277; 210
0.56755017; 67
0.56756010; 20
0.56757010; 20
0.56769784; 110
0.56770527; 1900
0.56774190; 9
0.56777290; 20
0.56785320; 19
0.56790047; 320
0.56794200; 9
0.56795350; 31
0.56803770; 9
0.56804890; 20
0.56806830; 8
0.56812490; 81
0.56814410; 10
0.56814800; 2
0.56814800; 2
0.56822380; 41
0.56824360; 50
0.56828455; 37
0.56834871; 61
0.56841710; 20
0.56848660; 41
0.56851920; 1100
0.56858260; 31
0.56868762; 76
0.56873489; 150
0.56876820; 100
0.56879970; 20
0.56885270; 10
0.56889310; 210
0.56894770; 10
0.56896470; 100
0.56901180; 100
0.56906934; 160
0.56910920; 210
0.56916280; 150
0.56916630; 11
0.56916810; 51
0.56918040; 20
0.56919060; 31
0.56921601; 70
0.56928500; 16
0.56929400; 8
0.56933000; 0
0.56935709; 55
0.56937590; 10
0.56944345; 68
0.56960840; 21
0.56961930; 14
0.56963904; 300
0.56982936; 560
0.56985435; 140
0.56986206; 100
0.56992200; 53
0.56993760; 15
0.57000600; 32
0.57004584; 600
0.57005210; 0
0.57006963; 550
0.57007808; 420
0.57009176; 2200
0.57020320; 33
0.57025430; 10
0.57026511; 300
0.57032715; 81
0.57039411; 98
0.57041250; 27
0.57043766; 5
0.57054802; 40
0.57056371; 240
0.57058660; 82
0.57061450; 53
0.57071033; 2900
0.57072150; 1
0.57080390; 6
0.57086160; 1
0.57086791; 250
0.57091020; 33
0.57098580; 10
0.57102660; 15
0.57110230; 10
0.57114530; 1
0.57114540; 10
0.57119957; 190
0.57125895; 98
0.57129960; 18
0.57131640; 33
0.57135190; 33
0.57137320; 20
0.57138280; 11
0.57148930; 13
0.57157244; 160
0.57159466; 64
0.57160290; 1
0.57171710; 330
0.57173280; 56
0.57175246; 100
0.57181180; 82
0.57184110; 9
0.57188603; 47
0.57190971; 78
0.57196225; 6300
0.57201827; 31000
0.57209520; 21
0.57214243; 270
0.57216180; 22
0.57216550; 11
0.57217220; 13
0.57220120; 20
0.57235325; 61
0.57242369; 510
0.57243250; 5
0.57243839; 65
0.57244638; 890
0.57248630; 20
0.57250114; 180
0.57253884; 5300
0.57255831; 170
0.57258959; 160
0.57267920; 10
0.57269100; 13
0.57270131; 160
0.57277103; 340
0.57279970; 81
0.57291190; 51
0.57292360; 20
0.57299823; 400
0.57303070; 20
0.57308760; 16
0.57314710; 13
0.57316022; 120
0.57322100; 1
0.57326940; 1
0.57329753; 710
0.57330994; 220
0.57331711; 71
0.57336510; 40
0.57338850; 100
0.57341649; 98
0.57345260; 11
0.57345790; 81
0.57351460; 10
0.57353010; 23
0.57360296; 640
0.57361420; 45
0.57363088; 41
0.57376450; 20
0.57383060; 290
0.57383075; 94
0.57385150; 11
0.57388190; 34
0.57389669; 160
0.57395200; 10
0.57398370; 31
0.57401960; 20
0.57411704; 460
0.57413790; 170
0.57417150; 52
0.57418288; 1700
0.57420837; 580
0.57426558; 64
0.57430619; 51
0.57432756; 4
0.57435860; 23
0.57438100; 23
0.57446890; 13
0.57452330; 51
0.57456754; 110
0.57464710; 22
0.57470580; 20
0.57471931; 240
0.57473848; 280
0.57475210; 170
0.57475220; 17
0.57483219; 270
0.57487409; 2900
0.57490120; 170
0.57491570; 34
0.57492273; 97
0.57493883; 830
0.57493900; 0
0.57495820; 460
0.57497349; 130
0.57497860; 870
0.57501170; 23
0.57505560; 290
0.57511730; 23
0.57514334; 85
0.57515909; 44
0.57516290; 40
0.57523030; 57
0.57525834; 130
0.57528386; 93
0.57530263; 4400
0.57535400; 1
0.57539840; 30
0.57545511; 92
0.57547355; 87
0.57548418; 39
0.57557172; 50
0.57566000; 3
0.57569021; 32
0.57571037; 100
0.57575580; 12
0.57576551; 43
0.57584690; 19
0.57589231; 71
0.57591880; 25
0.57605506; 53000
0.57610180; 46
0.57615271; 96
0.57617715; 74
0.57620780; 30
0.57620960; 34
0.57622370; 34
0.57627940; 490
0.57629666; 80
0.57635288; 3700
0.57636450; 120
0.57642223; 74
0.57643320; 9
0.57647660; 11
0.57657000; 7
0.57659470; 120
0.57664700; 34
0.57665420; 2
0.57665420; 2
0.57666620; 51
0.57674590; 46
0.57677785; 790
0.57681811; 2100
0.57686318; 94
0.57699860; 18
0.57701010; 120
0.57701424; 38
0.57704610; 100
0.57705620; 40
0.57707945; 35
0.57708671; 43
0.57711440; 230
0.57717602; 380
0.57719612; 120
0.57723230; 9
0.57725290; 46
0.57731800; 0
0.57737500; 100
0.57739463; 1500
0.57740730; 81
0.57746970; 1
0.57747260; 100
0.57749825; 33
0.57750350; 23
0.57753120; 30
0.57756161; 80
0.57757950; 11
0.57761678; 280
0.57763740; 2
0.57765500; 20
0.57770230; 20
0.57770993; 69
0.57774003; 510
0.57778490; 31
0.57780820; 180
0.57783640; 10
0.57785940; 100
0.57791470; 8
0.57794088; 99
0.57797350; 81
0.57797499; 35
0.57798351; 230
0.57804380; 20
0.57812680; 2
0.57814810; 83
0.57815780; 95
0.57816587; 340
0.57820430; 13
0.57822423; 260
0.57823140; 420
0.57823500; 0
0.57824990; 11
0.57832081; 58
0.57837570; 11
0.57838390; 25
0.57842160; 13
0.57843850; 10
0.57848624; 130
0.57849238; 35
0.57851224; 40
0.57854980; 35
0.57858660; 18
0.57862090; 29
0.57865610; 4
0.57866647; 38
0.57867840; 24
0.57875410; 120
0.57878960; 30
0.57880270; 40
0.57881930; 120
0.57885800; 0
0.57893751; 36
0.57896450; 3400
0.57901360; 35
0.57910320; 50
0.57917035; 240
0.57924303; 2700
0.57926850; 40
0.57943770; 240
0.57954070; 10
0.57959568; 34
0.57960683; 1600
0.57964179; 280
0.57965207; 87
0.57973193; 570
0.57980880; 51
0.57982600; 40
0.57984778; 450
0.57987650; 58
0.57989100; 23
0.57997401; 3
0.58001590; 10
0.58004600; 1
0.58008295; 6000
0.58010270; 410
0.58018140; 20
0.58020970; 30
0.58022390; 300
0.58023871; 120
0.58028483; 140
0.58037350; 82
0.58038050; 51
0.58041411; 18000
0.58045890; 12
0.58052440; 20
0.58054950; 260
0.58056120; 10
0.58057019; 270
0.58061978; 160
0.58062806; 210
0.58065873; 49
0.58075960; 1
0.58076814; 380
0.58079320; 10
0.58080757; 34
0.58086568; 99
0.58089780; 48
0.58094143; 32
0.58099920; 18
0.58104530; 51
0.58109730; 97
0.58118412; 110
0.58121070; 12
0.58126982; 82
0.58127604; 9
0.58128587; 41
0.58129724; 1200
0.58131764; 55
0.58135340; 10
0.58135600; 0
0.58140950; 14
0.58143665; 35
0.58147256; 89
0.58154218; 1200
0.58161820; 21
0.58162720; 2
0.58169940; 97
0.58172250; 15
0.58173168; 64
0.58177347; 130
0.58182180; 21
0.58184495; 330
0.58186240; 12
0.58188010; 11
0.58190190; 12
0.58191271; 94
0.58192995; 38
0.58193540; 19
0.58196027; 300
0.58198999; 130
0.58200765; 190
0.58201688; 120
0.58202980; 8
0.58203798; 150
0.58208160; 29
0.58216910; 31
0.58220473; 53
0.58221291; 5
0.58225217; 93
0.58227932; 440
0.58232610; 21
0.58235550; 31
0.58248873; 210
0.58250030; 130
0.58260549; 3
0.58260970; 260
0.58262721; 250
0.58263477; 110
0.58267700; 9
0.58279000; 21
0.58280590; 3
0.58288670; 36
0.58291096; 200
0.58298020; 28
0.58298624; 230
0.58300410; 11
0.58301440; 10
0.58304920; 120
0.58308274; 500
0.58310020; 31
0.58316770; 29
0.58317510; 17
0.58319190; 25
0.58323704; 1600
0.58329410; 12
0.58331320; 21
0.58338490; 84
0.58342630; 5
0.58348260; 9
0.58351670; 28
0.58354700; 0
0.58358810; 62
0.58366780; 10
0.58374850; 0
0.58375280; 19
0.58380640; 12
0.58383120; 10
0.58389501; 470
0.58389600; 1
0.58392660; 84
0.58394822; 140
0.58394969; 170
0.58395910; 220
0.58398513; 250
0.58400480; 1
0.58405350; 84
0.58406405; 700
0.58412020; 26
0.58417580; 31
0.58419150; 160
0.58420499; 150
0.58423650; 17
0.58430110; 18
0.58431460; 200
0.58432670; 110
0.58437810; 7
0.58438063; 590
0.58447040; 31
0.58447908; 150
0.58448850; 14
0.58453080; 11
0.58454140; 9
0.58459189; 550
0.58461100; 0
0.58481350; 42
0.58482770; 10
0.58485540; 270
0.58495140; 160
0.58497680; 30
0.58499990; 12
0.58502590; 15
0.58503770; 25
0.58505660; 52
0.58507460; 26
0.58508040; 10
0.58512172; 41
0.58521763; 32
0.58524846; 320
0.58526809; 2600
0.58527400; 0
0.58528440; 160
0.58530590; 62
0.58531000; 2
0.58534745; 1300
0.58537700; 25
0.58541205; 2000
0.58542728; 4
0.58548580; 31
0.58550230; 15
0.58554985; 220
0.58557890; 10
0.58559110; 14
0.58561120; 60
0.58562297; 58
0.58563850; 27
0.58566780; 7
0.58577250; 21
0.58586379; 180
0.58587543; 310
0.58593480; 160
0.58595252; 330
0.58596686; 490
0.58602590; 160
0.58603100; 10
0.58604800; 160
0.58608790; 12
0.58611896; 200
0.58612890; 85
0.58618940; 21
0.58621210; 21
0.58631460; 32
0.58635520; 17
0.58637185; 1400
0.58641280; 43
0.58665980; 2
0.58668117; 330
0.58673480; 0
0.58675420; 10
0.58676210; 25
0.58678410; 220
0.58683748; 430
0.58691640; 86
0.58692000; 21
0.58698507; 700
0.58700522; 150
0.58704430; 4
0.58704625; 100
0.58705526; 580
0.58711826; 680
0.58714050; 160
0.58714470; 25
0.58723120; 0
0.58726027; 360
0.58728842; 220
0.58733320; 110
0.58734620; 86
0.58739200; 42
0.58740382; 210
0.58743513; 170
0.58749865; 340
0.58752790; 12
0.58755000; 16
0.58755680; 9
0.58771640; 10
0.58771860; 21
0.58775520; 11
0.58776780; 11
0.58777845; 73
0.58782763; 140
0.58782763; 140
0.58789266; 100
0.58790480; 25
0.58791265; 180
0.58794790; 63
0.58810650; 43
0.58814140; 25
0.58819880; 21
0.58822996; 69
0.58824600; 110
0.58826240; 15
0.58840331; 150
0.58841780; 25
0.58845400; 0
0.58855000; 250
0.58857015; 5200
0.58860880; 3
0.58863477; 100
0.58865314; 690
0.58868400; 11
0.58878150; 12
0.58879190; 87
0.58882625; 160
0.58885840; 25
0.58900167; 94
0.58905650; 22
0.58914510; 3400
0.58916700; 54
0.58917740; 54
0.58924327; 190
0.58927800; 87
0.58930290; 10
0.58931932; 130
0.58934747; 130
0.58941600; 0
0.58941600; 0
0.58946978; 400
0.58950530; 110
0.58952818; 540
0.58961140; 21
0.58963631; 350
0.58966111; 46
0.58967885; 95
0.58971230; 7
0.58972460; 10
0.58990420; 9
0.58993020; 26
0.58994055; 210
0.58994660; 85
0.58995228; 270
0.58998441; 930
0.58999241; 88
0.59003500; 12
0.59004480; 21
0.59017540; 0
0.59017800; 0
0.59017800; 0
0.59019280; 29
0.59019990; 25
0.59023640; 20
0.59026020; 480
0.59033383; 91
0.59034926; 120
0.59036430; 16
0.59039348; 48
0.59041592; 310
0.59042910; 2
0.59043079; 45
0.59051763; 200
0.59055707; 2100
0.59057604; 150
0.59061640; 32
0.59063196; 34
0.59068430; 13
0.59073400; 13
0.59082440; 63
0.59084030; 320
0.59086740; 0
0.59089254; 1800
0.59089574; 830
0.59098870; 10
0.59100410; 64
0.59101040; 18
0.59102346; 44
0.59105070; 64
0.59106400; 42
0.59110970; 85
0.59112294; 450
0.59113600; 64
0.59120850; 50
0.59121040; 51
0.59132830; 34
0.59133637; 200
0.59143858; 930
0.59146708; 5600
0.59147138; 1300
0.59151760; 16
0.59154900; 0
0.59163470; 12
0.59167283; 590
0.59172793; 31
0.59181901; 61
0.59188080; 190
0.59188117; 39
0.59189446; 1100
0.59192240; 170
0.59209771; 70
0.59211020; 45
0.59219675; 120
0.59228025; 290
0.59228651; 170
0.59230800; 0
0.59230800; 0
0.59239193; 67
0.59243887; 170
0.59245190; 170
0.59249730; 7
0.59254036; 1600
0.59257190; 170
0.59258641; 610
0.59258641; 610
0.59258918; 620
0.59260027; 350
0.59262320; 3100
0.59267700; 0
0.59267800; 38
0.59269394; 58
0.59279490; 12
0.59281230; 45
0.59287550; 34
0.59288130; 15
0.59288629; 130
0.59291410; 12
0.59293262; 59
0.59294802; 200
0.59295890; 25
0.59299342; 1100
0.59303121; 94
0.59309570; 25
0.59310633; 33
0.59320560; 45
0.59321265; 58
0.59324274; 240
0.59327010; 0
0.59329110; 170
0.59336820; 6
0.59338416; 37
0.59341030; 11
0.59344092; 400
0.59344609; 320
0.59347140; 12
0.59352710; 8
0.59357920; 2
0.59361731; 37
0.59363090; 1
0.59363855; 530
0.59366020; 12
0.59366400; 1
0.59368740; 230
0.59371619; 500
0.59372843; 64
0.59374150; 20
0.59376634; 1200
0.59379252; 290
0.59380410; 11
0.59382841; 47
0.59384568; 2700
0.59385760; 220
0.59388251; 6200
0.59390440; 170
0.59405653; 250
0.59409650; 78
0.59411270; 20
0.59415680; 23
0.59418250; 4
0.59421201; 44
0.59422561; 31
0.59423588; 310
0.59426690; 5
0.59427955; 320
0.59434652; 230
0.59434959; 120
0.59437434; 51
0.59439340; 11
0.59440540; 25
0.59441120; 12
0.59445260; 25
0.59446473; 2700
0.59448060; 170
0.59450210; 11
0.59451840; 12
0.59453240; 14
0.59454766; 64
0.59456160; 12
0.59460270; 88
0.59462346; 230
0.59469220; 12
0.59475020; 44
0.59483895; 35
0.59485550; 21
0.59487991; 480
0.59489650; 57
0.59492180; 170
0.59493702; 330
0.59496820; 18
0.59501416; 48
0.59502280; 48
0.59502760; 21
0.59504264; 110
0.59506372; 85
0.59507727; 190
0.59508880; 25
0.59509050; 6
0.59521420; 13
0.59522900; 5
0.59523500; 64
0.59524560; 22
0.59528070; 22
0.59532483; 120
0.59535825; 180
0.59538303; 5
0.59545852; 190
0.59547586; 62
0.59555617; 500
0.59559360; 19
0.59562588; 360
0.59568040; 15
0.59570910; 26
0.59574676; 100
0.59575885; 270
0.59577360; 65
0.59580720; 39
0.59587379; 83
0.59596738; 350
0.59597300; 190
0.59603720; 52
0.59605290; 57
0.59607806; 280
0.59612490; 46
0.59613700; 0
0.59619646; 220
0.59620562; 270
0.59621752; 100
0.59622880; 14
0.59627440; 0
0.59627730; 46
0.59629750; 34
0.59633080; 120
0.59636610; 120
0.59639262; 70
0.59640106; 82
0.59640880; 6
0.59646930; 13
0.59650310; 3
0.59657392; 150
0.59658281; 170
0.59662730; 58
0.59675099; 140
0.59697374; 620
0.59703736; 29
0.59704506; 99
0.59710730; 46
0.59713690; 35
0.59718810; 35
0.59724351; 110
0.59727890; 52
0.59733140; 2
0.59736647; 17000
0.59748618; 97
0.59750648; 7400
0.59759622; 5
0.59761180; 13
0.59762005; 120
0.59764370; 39
0.59770870; 120
0.59775390; 51
0.59779950; 4
0.59780690; 65
0.59784130; 20
0.59793260; 15
0.59812330; 23
0.59813850; 13
0.59818847; 220
0.59820961; 340
0.59822290; 59
0.59826520; 43
0.59831630; 59
0.59839994; 47
0.59844540; 3
0.59849986; 47
0.59852082; 49
0.59856783; 57
0.59859120; 1
0.59862667; 470
0.59873020; 7
0.59880020; 15
0.59882880; 3
0.59882880; 3
0.59890448; 3700
0.59892000; 0
0.59893390; 8
0.59894448; 130
0.59894448; 130
0.59897430; 230
0.59898930; 13
0.59899870; 13
0.59902650; 36
0.59910070; 4400
0.59914579; 190
0.59914600; 0
0.59917110; 26
0.59932680; 39
0.59934941; 250
0.59939600; 590
0.59941286; 12000
0.59946902; 320
0.59952198; 160
0.59956822; 58
0.59966294; 570
0.59970089; 150
0.59977860; 22
0.59986550; 39
0.59989990; 5
0.59995880; 21
0.60004100; 23
0.60005380; 35
0.60005540; 58
0.60007621; 620
0.60008663; 120
0.60009421; 160
0.60012032; 1900
0.60017320; 190
0.60021956; 59
0.60023664; 50
0.60024930; 25
0.60028699; 51
0.60031700; 1
0.60051649; 1800
0.60052107; 120
0.60056000; 120
0.60058115; 46
0.60059210; 11
0.60060840; 20
0.60062940; 46
0.60070721; 4500
0.60075910; 52
0.60080520; 58
0.60084393; 45
0.60091130; 65
0.60100191; 83
0.60101605; 3200
0.60102551; 160
0.60105994; 100
0.60112030; 180
0.60113450; 200
0.60113490; 330
0.60115338; 480
0.60120000; 18
0.60123320; 27
0.60134420; 94
0.60140563; 85
0.60143070; 590
0.60145780; 12
0.60154218; 610
0.60157690; 13
0.60163589; 210
0.60172460; 16
0.60178618; 120
0.60189934; 220
0.60192150; 13
0.60194110; 11
0.60194930; 4
0.60196386; 110
0.60198190; 67
0.60202715; 120
0.60204980; 79
0.60210356; 5500
0.60214113; 250
0.60221490; 53
0.60222230; 110
0.60226400; 9
0.60226974; 48
0.60232242; 440
0.60240820; 11
0.60248350; 23
0.60249340; 110
0.60250490; 11
0.60251500; 5
0.60256160; 53
0.60257779; 240
0.60260449; 220
0.60262380; 19
0.60272513; 7
0.60274810; 66
0.60279520; 26
0.60282200; 1
0.60282702; 150
0.60286310; 35
0.60288630; 130
0.60292258; 450
0.60296500; 250
0.60301890; 58
0.60304448; 1500
0.60308080; 13
0.60308440; 1
0.60319110; 130
0.60321270; 70
0.60323172; 230
0.60323706; 290
0.60324320; 0
0.60325550; 23
0.60326650; 0
0.60328723; 500
0.60331890; 23
0.60334132; 430
0.60335179; 110
0.60341390; 13
0.60342130; 14
0.60343390; 16
0.60345410; 160
0.60348440; 20
0.60351922; 830
0.60353650; 11
0.60358750; 23
0.60367622; 200
0.60376974; 7500
0.60379420; 35
0.60383080; 40
0.60386804; 1600
0.60392269; 51
0.60396640; 9
0.60401200; 40
0.60408720; 27
0.60410900; 36
0.60414300; 12
0.60416280; 67
0.60424000; 16
0.60425892; 460
0.60429610; 170
0.60430468; 210
0.60432230; 35
0.60436760; 23
0.60444328; 840
0.60444680; 7
0.60445540; 93
0.60452460; 11
0.60454670; 26
0.60466430; 120
0.60468977; 10
0.60471590; 11
0.60472670; 25
0.60477982; 62
0.60479560; 17
0.60481740; 40
0.60490510; 5600
0.60490750; 7
0.60497721; 140
0.60499250; 110
0.60500100; 0
0.60500100; 0
0.60504570; 34
0.60505450; 11
0.60509815; 640
0.60524453; 120
0.60527230; 10
0.60533808; 2100
0.60543500; 11
0.60545350; 27
0.60550360; 92
0.60551600; 40
0.60555934; 380
0.60568800; 32
0.60571710; 17
0.60581813; 190
0.60582730; 40
0.60584390; 30
0.60586123; 100
0.60591360; 120
0.60593720; 20
0.60595350; 27
0.60602300; 40
0.60609580; 26
0.60614860; 40
0.60615354; 290
0.60616287; 51
0.60622250; 11
0.60624310; 40
0.60626140; 200
0.60630680; 110
0.60633550; 27
0.60642890; 11
0.60653460; 33
0.60657800; 600
0.60662370; 11
0.60663300; 54
0.60664973; 190
0.60670803; 200
0.60680430; 27
0.60681360; 11
0.60690204; 920
0.60696730; 15
0.60698403; 48
0.60699600; 0
0.60700340; 54
0.60703412; 180
0.60704580; 11
0.60708920; 40
0.60714150; 27
0.60715519; 52
0.60718020; 11
0.60719810; 170
0.60720610; 34
0.60727993; 100
0.60728963; 63
0.60731035; 750
0.60733020; 6
0.60735550; 16
0.60737100; 40
0.60740040; 22
0.60742210; 5
0.60761960; 13
0.60766390; 40
0.60769870; 18
0.60771056; 1300
0.60773666; 120
0.60774310; 6
0.60778728; 2200
0.60784212; 1300
0.60785880; 68
0.60789717; 110
0.60792227; 2100
0.60794724; 290
0.60809000; 58
0.60812990; 11
0.60825610; 120
0.60826690; 46
0.60829100; 23
0.60832432; 40
0.60835330; 23
0.60838750; 2
0.60841210; 34
0.60844860; 23
0.60845070; 2
0.60852554; 450
0.60853747; 2200
0.60854300; 27
0.60859566; 50
0.60859980; 54
0.60864516; 50
0.60867022; 91
0.60872622; 1000
0.60873870; 41
0.60875760; 0
0.60880304; 4700
0.60882030; 110
0.60884590; 45
0.60888245; 87
0.60901119; 90
0.60902410; 11
0.60904483; 140
0.60906070; 22
0.60908160; 110
0.60932400; 91
0.60935580; 11
0.60938130; 57
0.60940890; 110
0.60950465; 95
0.60952250; 30
0.60953890; 11
0.60954330; 26
0.60971945; 130
0.60972870; 20
0.60975920; 47
0.60978181; 74
0.60981205; 980
0.60983184; 43
0.60988030; 7
0.60990833; 830
0.60994580; 23
0.60998040; 41
0.60999886; 140
0.61004140; 34
0.61005780; 13
0.61015520; 24
0.61017250; 2300
0.61019192; 4
0.61025945; 4800
0.61027650; 1
0.61035397; 26
0.61036417; 270
0.61040200; 36
0.61041660; 18
0.61045590; 1100
0.61045823; 1000
0.61049540; 17
0.61053040; 45
0.61056350; 10
0.61066130; 26
0.61068431; 180
0.61069210; 34
0.61075336; 1600
0.61082796; 210
0.61083200; 0
0.61084110; 140
0.61084860; 16
0.61089220; 41
0.61091500; 2
0.61092140; 77
0.61097090; 28
0.61103310; 580
0.61104760; 22
0.61106670; 10
0.61117000; 22
0.61117420; 2
0.61128376; 1300
0.61139635; 54
0.61145389; 820
0.61149232; 537
0.61149262; 110
0.61161659; 730
0.61180500; 33
0.61187240; 4
0.61196490; 290
0.61196995; 620
0.61200936; 6
0.61203525; 71
0.61205566; 610
0.61207947; 160
0.61214075; 1500
0.61217570; 23
0.61223370; 0
0.61227090; 34
0.61227477; 42
0.61233609; 20
0.61238328; 650
0.61240687; 240
0.61244806; 1800
0.61245710; 3
0.61246750; 14
0.61256090; 14
0.61257396; 250
0.61274207; 82
0.61276011; 120
0.61278990; 34
0.61281600; 110
0.61283384; 210
0.61284443; 150
0.61293180; 30
0.61294903; 180
0.61295458; 340
0.61304563; 300
0.61307567; 59
0.61316666; 69
0.61317510; 13
0.61319636; 94
0.61322190; 22
0.61324170; 29
0.61328632; 270
0.61330568; 370
0.61332700; 19
0.61336710; 23
0.61338143; 190
0.61345510; 45
0.61347940; 29
0.61348300; 0
0.61350140; 23
0.61351510; 14
0.61356280; 57
0.61359960; 57
0.61370250; 57
0.61379260; 460
0.61385260; 0
0.61386465; 340
0.61386551; 28
0.61393640; 23
0.61396503; 39
0.61404490; 11
0.61405980; 20
0.61406991; 38
0.61407684; 170
0.61408843; 70
0.61409940; 11
0.61416340; 14
0.61419280; 11
0.61426150; 2
0.61444140; 11
0.61445650; 22
0.61447581; 290
0.61450000; 23
0.61451280; 23
0.61452833; 280
0.61454410; 10
0.61462720; 14
0.61464600; 0
0.61474540; 43
0.61479550; 50
0.61483546; 56
0.61484730; 18
0.61487880; 23
0.61500310; 11
0.61501200; 23
0.61503230; 46
0.61506825; 500
0.61511420; 11
0.61515133; 88
0.61519927; 10000
0.61529500; 23
0.61540683; 2000
0.61541190; 0
0.61544152; 60
0.61545160; 810
0.61546270; 46
0.61552990; 92
0.61555809; 2000
0.61561043; 67
0.61566150; 39
0.61570877; 1100
0.61583910; 3
0.61588290; 11
0.61590600; 30
0.61598400; 0
0.61613533; 1700
0.61616490; 16
0.61617651; 100
0.61621700; 5200
0.61622610; 23
0.61624560; 46
0.61628515; 42
0.61629699; 200
0.61632070; 27
0.61632490; 14
0.61637269; 200
0.61639050; 28
0.61644794; 5700
0.61648420; 92
0.61655380; 46
0.61658340; 150
0.61659720; 7
0.61665362; 51
0.61667090; 45
0.61667835; 4
0.61670590; 0
0.61676273; 4
0.61684820; 22
0.61685800; 29
0.61688380; 19
0.61693940; 11
0.61698220; 18000
0.61701740; 7
0.61706556; 100
0.61707370; 110
0.61708710; 16
0.61720440; 15
0.61722775; 407
0.61730040; 23
0.61730960; 10
0.61738810; 46
0.61743780; 3
0.61747970; 46
0.61759586; 150
0.61761610; 20
0.61764940; 34
0.61768150; 14
0.61770720; 19
0.61770810; 11
0.61774890; 11
0.61784313; 2800
0.61785490; 0
0.61788850; 45
0.61789316; 110
0.61791640; 69
0.61795487; 37
0.61797744; 55
0.61798488; 160
0.61800430; 7
0.61802850; 11
0.61807049; 2400
0.61815370; 120
0.61826216; 38000
0.61828300; 580
0.61830240; 2
0.61839420; 57
0.61843900; 120
0.61844690; 30
0.61847368; 350
0.61847897; 830
0.61849875; 100
0.61856560; 8
0.61857710; 93
0.61861580; 22
0.61863785; 81
0.61867630; 22
0.61871350; 9
0.61880531; 140
0.61881250; 6000
0.61888630; 11
0.61891447; 320
0.61894170; 0
0.61899380; 9
0.61907095; 140
0.61907705; 53
0.61912610; 22
0.61919052; 5900
0.61923010; 2
0.61931786; 58
0.61932900; 22
0.61935760; 22
0.61938563; 570
0.61939780; 0
0.61943150; 0
0.61947930; 13
0.61949260; 10
0.61953210; 230
0.61961720; 44
0.61963070; 17
0.61963965; 200
0.61975910; 11
0.61982226; 9300
0.61990623; 47
0.62004326; 370
0.62005510; 0
0.62011002; 9
0.62031690; 34
0.62034924; 16000
0.62041281; 140
0.62047680; 23
0.62050180; 150
0.62052561; 120
0.62058600; 630
0.62064630; 1
0.62068200; 0
0.62072200; 9300
0.62074770; 30
0.62077504; 360
0.62086873; 650
0.62088610; 22
0.62089350; 2
0.62089861; 99
0.62096590; 22
0.62099496; 93
0.62104200; 1
0.62116070; 0
0.62116630; 45
0.62125030; 10
0.62127190; 850
0.62133280; 33
0.62136547; 50
0.62141040; 20
0.62145400; 82
0.62159380; 5
0.62162700; 33
0.62164400; 86
0.62168641; 39
0.62174390; 9
0.62175786; 200
0.62181790; 12
0.62188620; 22
0.62196720; 11
0.62197779; 130
0.62200112; 1500
0.62210599; 180
0.62213194; 730
0.62214325; 110
0.62215787; 95
0.62225780; 36
0.62233080; 54
0.62235202; 130
0.62240430; 54
0.62245271; 7800
0.62246780; 87
0.62251030; 23
0.62263696; 2300
0.62266274; 90
0.62269350; 32
0.62271823; 44
0.62282370; 8
0.62302210; 10
0.62305480; 10
0.62309330; 32
0.62311227; 130
0.62313808; 190
0.62320673; 150
0.62321290; 270
0.62321860; 87
0.62328794; 45
0.62328920; 2
0.62329745; 400
0.62330040; 87
0.62338580; 32
0.62341962; 220
0.62342970; 25
0.62345700; 1
0.62348552; 3100
0.62351760; 10
0.62353550; 33
0.62357930; 15
0.62371024; 50
0.62379863; 63
0.62380825; 150
0.62382080; 53
0.62382440; 0
0.62389700; 15
0.62390818; 39
0.62393060; 53
0.62395430; 30
0.62397120; 8
0.62397420; 21
0.62403066; 97
0.62409533; 1100
0.62414162; 130
0.62416940; 30
0.62418739; 94
0.62431030; 0
0.62431199; 89
0.62433603; 310
0.62443712; 53
0.62448750; 21
0.62450409; 200
0.62451510; 14
0.62456010; 540
0.62456183; 200
0.62458500; 29
0.62461736; 350
0.62464070; 18
0.62466640; 11
0.62469297; 120
0.62481188; 120
0.62491563; 44
0.62492630; 30
0.62499750; 1
0.62504857; 320
0.62514420; 15
0.62517660; 10
0.62519595; 34
0.62523122; 56
0.62526080; 7
0.62528860; 23
0.62547762; 65
0.62552010; 10
0.62553340; 33
0.62555234; 38
0.62558520; 11
0.62561070; 7
0.62563370; 26
0.62566540; 24
0.62567510; 16
0.62569289; 120
0.62574236; 3000
0.62580970; 21
0.62586068; 550
0.62602174; 100
0.62610644; 1100
0.62614181; 8500
0.62628050; 4
0.62628870; 14
0.62630260; 11
0.62643140; 23
0.62647139; 110
0.62656036; 160
0.62659620; 32
0.62661737; 390
0.62664857; 49
0.62666142; 160
0.62671880; 21
0.62678000; 21
0.62682001; 190
0.62689230; 21
0.62702990; 110
0.62703310; 87
0.62715442; 1000
0.62717371; 70
0.62726760; 32
0.62731500; 0
0.62741166; 2000
0.62745040; 16
0.62750774; 57
0.62752060; 12
0.62756790; 21
0.62758490; 32
0.62761653; 820
0.62772385; 580
0.62774250; 2
0.62775120; 21
0.62781250; 43
0.62791666; 790
0.62799776; 190
0.62803590; 21
0.62808900; 24
0.62811200; 0
0.62811648; 33
0.62815227; 39
0.62815430; 54
0.62816530; 10
0.62824490; 21
0.62828230; 1
0.62831410; 28
0.62832130; 5
0.62851460; 14
0.62852780; 630
0.62854530; 10
0.62859710; 22
0.62860453; 200
0.62867140; 15
0.62872551; 520
0.62875704; 90
0.62880740; 21
0.62891590; 21
0.62892713; 50
0.62894882; 300
0.62895850; 19
0.62896920; 27
0.62904035; 66
0.62911913; 1700
0.62916286; 170
0.62920601; 300
0.62921870; 43
0.62928912; 680
0.62930360; 32
0.62932423; 1400
0.62941556; 36
0.62942830; 21
0.62943400; 21
0.62945000; 0
0.62950612; 44
0.62951660; 28
0.62954460; 2
0.62961045; 110
0.62964260; 10
0.62968720; 7
0.62974260; 32
0.62975810; 10
0.62977770; 110
0.62989027; 250
0.62994464; 37
0.62995270; 21
0.63009164; 1100
0.63014128; 490
0.63020190; 4
0.63024707; 100
0.63030770; 12
0.63032507; 1000
0.63042423; 320
0.63052767; 230
0.63053570; 140
0.63074327; 46
0.63076570; 15
0.63078641; 77
0.63097560; 43
0.63108105; 1200
0.63110970; 54
0.63114530; 110
0.63119451; 85
0.63126222; 340
0.63142693; 110
0.63144400; 21
0.63154000; 1
0.63157750; 890
0.63160610; 53
0.63171830; 460
0.63176110; 29
0.63183019; 42
0.63183990; 10
0.63186936; 92
0.63191635; 240
0.63192640; 110
0.63197530; 21
0.63211687; 64
0.63213004; 190
0.63216310; 12
0.63217075; 32
0.63218187; 270
0.63219650; 21
0.63222070; 24
0.63225380; 10
0.63228662; 59
0.63230550; 21
0.63237350; 3
0.63238421; 190
0.63241040; 31
0.63241600; 1
0.63241600; 1
0.63243978; 240
0.63244151; 12
0.63246620; 21
0.63250048; 120
0.63255900; 860
0.63261170; 2
0.63261170; 2
0.63261780; 84
0.63263668; 2400
0.63272776; 6900
0.63282630; 21
0.63284740; 1
0.63287607; 100
0.63288079; 130
0.63292989; 150
0.63302870; 7
0.63303757; 65
0.63314137; 990
0.63324990; 5
0.63325118; 210
0.63326840; 84
0.63328320; 1
0.63330170; 10
0.63331470; 6
0.63349230; 13
0.63350117; 100
0.63357015; 140
0.63360801; 110
0.63364159; 210
0.63371300; 0
0.63375280; 21
0.63376202; 1600
0.63389060; 23
0.63393061; 250
0.63395693; 64
0.63396680; 940
0.63398970; 3
0.63402990; 14
0.63403887; 44
0.63417930; 6
0.63418720; 21
0.63428594; 15000
0.63437280; 10
0.63443310; 40
0.63452500; 8
0.63458070; 12
0.63461208; 710
0.63481252; 100
0.63482130; 20
0.63482272; 7
0.63485614; 60
0.63486010; 2
0.63487374; 2600
0.63508958; 32
0.63527066; 73
0.63552830; 100
0.63556299; 930
0.63559107; 2200
0.63561390; 20
0.63562198; 77
0.63566030; 20
0.63570250; 7
0.63573630; 20
0.63576776; 8
0.63586212; 480
0.63591345; 230
0.63596743; 490
0.63604660; 51
0.63617960; 30
0.63622519; 440
0.63622519; 440
0.63625830; 20
0.63627970; 20
0.63632716; 220
0.63642540; 21
0.63644280; 94
0.63646470; 120
0.63648021; 54
0.63654400; 1
0.63659840; 20
0.63664060; 3
0.63670660; 30
0.63676630; 10
0.63690661; 140
0.63691280; 2
0.63691390; 800
0.63695750; 7
0.63698760; 20
0.63707959; 120
0.63719435; 3000
0.63721247; 330
0.63724602; 170
0.63731900; 0
0.63742700; 21
0.63759450; 3
0.63760220; 8
0.63767075; 200
0.63769305; 6700
0.63774950; 31
0.63780920; 10
0.63787605; 170
0.63789580; 10
0.63790030; 20
0.63791050; 30
0.63791735; 84
0.63796731; 440
0.63797930; 25
0.63804450; 30
0.63804737; 41
0.63813598; 330
0.63816200; 8
0.63817588; 150
0.63819730; 23
0.63826960; 3
0.63827980; 23
0.63830967; 5
0.63832244; 63
0.63833422; 350
0.63839110; 20
0.63847170; 20
0.63850590; 200
0.63854620; 25
0.63857570; 4
0.63867800; 14
0.63870860; 55
0.63873955; 2300
0.63875950; 19
0.63878647; 33
0.63883410; 5
0.63884180; 360
0.63888135; 780
0.63893753; 100
0.63893901; 590
0.63894839; 47
0.63901290; 240
0.63903890; 10
0.63911170; 2
0.63911775; 160
0.63923685; 140
0.63931990; 16
0.63938020; 7
0.63940495; 510
0.63945890; 29
0.63946986; 63
0.63947290; 7
0.63950479; 120
0.63952790; 29
0.63965180; 29
0.63966084; 11
0.63967158; 76
0.63969500; 590
0.63971840; 2
0.63974537; 140
0.63976100; 15
0.63984510; 150
0.63986020; 9
0.63992085; 18
0.63999498; 160
0.64006953; 490
0.64029353; 73
0.64030123; 11
0.64038623; 95
0.64046274; 28
0.64050854; 99
0.64064461; 2700
0.64084250; 19
0.64085985; 320
0.64086327; 200
0.64089090; 7
0.64095530; 29
0.64114120; 19
0.64118990; 11000
0.64121290; 19
0.64129770; 9
0.64136144; 2700
0.64141395; 140
0.64147040; 96
0.64149530; 20
0.64155374; 280
0.64161019; 530
0.64163070; 70
0.64174170; 1
0.64178310; 9
0.64179066; 53
0.64183696; 10
0.64186970; 38
0.64191600; 19
0.64198490; 48
0.64200800; 29
0.64202250; 19
0.64209800; 29
0.64211940; 19
0.64221075; 470
0.64226830; 19
0.64228940; 7
0.64229480; 38
0.64241440; 1
0.64248127; 460
0.64261510; 47
0.64265340; 19
0.64267230; 9
0.64275044; 110
0.64287733; 210
0.64304990; 47
0.64306840; 18
0.64315180; 18
0.64315560; 6
0.64317150; 47
0.64329576; 34
0.64336830; 1
0.64346490; 14
0.64347940; 15
0.64348930; 8
0.64351080; 9
0.64364620; 12
0.64366693; 120
0.64376013; 11
0.64377611; 1600
0.64377690; 1900
0.64383095; 100
0.64383830; 84
0.64389157; 660
0.64390290; 170
0.64390715; 8600
0.64394180; 37
0.64402450; 9
0.64403551; 44
0.64412813; 110
0.64418981; 12
0.64438205; 88
0.64438591; 12
0.64441500; 9
0.64456407; 120
0.64461342; 83
0.64467712; 1100
0.64471910; 15
0.64475500; 6
0.64487258; 80
0.64488360; 11
0.64491640; 18
0.64495196; 36
0.64500060; 920
0.64502823; 51
0.64505930; 46
0.64506977; 44
0.64509557; 540
0.64512597; 32
0.64515820; 18
0.64520591; 170
0.64528450; 6
0.64529521; 100
0.64533464; 29
0.64535510; 14
0.64546280; 15
0.64552647; 230
0.64554900; 12
0.64563910; 22
0.64564890; 3
0.64572824; 44000
0.64577100; 0
0.64577100; 0
0.64581180; 18
0.64584030; 2
0.64584590; 33
0.64591170; 22
0.64592977; 73
0.64604749; 250
0.64606940; 16
0.64609370; 32
0.64614540; 18
0.64626130; 4200
0.64626492; 1200
0.64655850; 91
0.64656970; 24
0.64663572; 220
0.64667172; 400
0.64671483; 83
0.64676743; 310
0.64678070; 27
0.64679208; 170
0.64680470; 8
0.64710930; 13
0.64712132; 430
0.64719391; 52
0.64724280; 6
0.64747426; 230
0.64747970; 420
0.64753120; 4
0.64786170; 18
0.64787390; 10
0.64789420; 15
0.64800850; 2
0.64804440; 27
0.64806110; 39
0.64813017; 340
0.64830825; 120
0.64836180; 120
0.64837410; 27
0.64839310; 18
0.64840694; 150
0.64841720; 8
0.64851510; 12
0.64853759; 140
0.64868480; 36
0.64870760; 9
0.64874440; 1
0.64874440; 1
0.64874811; 380
0.64879200; 27
0.64887850; 17
0.64888835; 370
0.64893620; 17
0.64895980; 89
0.64898500; 0
0.64905840; 81
0.64907370; 5200
0.64912220; 17
0.64914110; 42
0.64931972; 1700
0.64937020; 35
0.64949810; 12
0.64950040; 8
0.64952573; 290
0.64955950; 26
0.64959225; 54
0.64960292; 170
0.64969643; 73
0.64970560; 7
0.64974919; 240
0.64977880; 17
0.64987680; 36
0.64996456; 670
0.65002151; 5
0.65006575; 250
0.65013608; 6
0.65019917; 860
0.65021570; 3
0.65035112; 430
0.65038990; 23
0.65044580; 44
0.65048350; 17
0.65052210; 8
0.65061380; 3
0.65069870; 1100
0.65074090; 8
0.65075587; 170
0.65079440; 30
0.65081740; 6
0.65082920; 17
0.65083620; 280
0.65090502; 1100
0.65090890; 6
0.65093110; 26
0.65094880; 16
0.65096530; 17
0.65098520; 15
0.65099750; 8
0.65102690; 43
0.65109969; 190
0.65110500; 26
0.65112518; 200
0.65113549; 210
0.65115800; 64
0.65123637; 3900
0.65128020; 35
0.65130516; 75
0.65132000; 17
0.65144740; 21
0.65158750; 43
0.65172770; 26
0.65184443; 95
0.65189630; 17
0.65192240; 8
0.65209380; 71
0.65209980; 34
0.65220435; 1000
0.65224994; 250
0.65244999; 88
0.65254900; 26
0.65257140; 17
0.65265810; 60
0.65269045; 140
0.65278580; 8
0.65285920; 34
0.65287720; 11
0.65291040; 9
0.65291930; 8
0.65295970; 170
0.65299470; 0
0.65299940; 220
0.65301250; 220
0.65301570; 170
0.65313417; 17000
0.65317690; 0
0.65322213; 130
0.65329270; 2
0.65346056; 130
0.65356450; 17
0.65362950; 17
0.65367180; 10
0.65371775; 150
0.65376130; 350
0.65380451; 20
0.65381120; 15
0.65383010; 150
0.65401410; 74
0.65404090; 2
0.65405382; 57
0.65420498; 220
0.65425131; 150
0.65438930; 8
0.65445970; 18
0.65453450; 8
0.65457186; 600
0.65458800; 17
0.65467760; 15
0.65470250; 11
0.65473500; 3
0.65475370; 14
0.65476180; 8
0.65477200; 17
0.65498200; 34
0.65501877; 230
0.65503350; 43
0.65505475; 100
0.65512650; 34
0.65514980; 3
0.65517054; 660
0.65519170; 34
0.65541602; 6500
0.65545630; 8
0.65559660; 28
0.65577240; 2
0.65585760; 18
0.65588751; 1100
0.65590874; 170
0.65591200; 42
0.65592103; 270
0.65594330; 18
0.65594620; 8
0.65600574; 260
0.65602110; 35
0.65608510; 160
0.65612440; 0
0.65614620; 0
0.65615660; 18
0.65618540; 25
0.65621055; 160
0.65626470; 34
0.65641700; 3
0.65644444; 610
0.65647000; 16
0.65649600; 21
0.65650700; 300
0.65658950; 30
0.65661990; 13
0.65663300; 12
0.65672130; 16
0.65684230; 25
0.65690570; 94
0.65696322; 450
0.65700970; 18
0.65719270; 32
0.65720278; 83
0.65728821; 120
0.65734770; 37
0.65739825; 120
0.65745420; 33
0.65751390; 20
0.65757700; 16
0.65761222; 520
0.65768000; 0
0.65772144; 5800
0.65776563; 650
0.65789230; 37
0.65789800; 25
0.65794814; 110
0.65802293; 310
0.65805440; 24
0.65811350; 8
0.65812970; 33
0.65824310; 8
0.65833100; 160
0.65835010; 65
0.65835850; 97
0.65839058; 32000
0.65842760; 160
0.65843723; 490
0.65846126; 800
0.65852730; 30
0.65853386; 160
0.65856945; 420
0.65859989; 100
0.65861360; 13
0.65863810; 5
0.65866245; 59
0.65871040; 7
0.65880630; 15
0.65882470; 7
0.65883401; 330
0.65885395; 26000
0.65911801; 1100
0.65914843; 21000
0.65917900; 0
0.65925540; 18
0.65934628; 1100
0.65936078; 57
0.65939390; 12000
0.65944430; 33
0.65947980; 15
0.65948910; 27
0.65954657; 91
0.65955690; 5
0.65956880; 9
0.65957960; 7
0.65967500; 79
0.65969623; 180
0.65973778; 93
0.65975420; 15
0.65980330; 7
0.66007311; 180
0.66011294; 160
0.66014520; 23
0.66015370; 100
0.66027620; 320
0.66030282; 67
0.66034640; 7
0.66036209; 260
0.66037870; 21
0.66041060; 16
0.66045280; 7
0.66048530; 15
0.66054162; 840
0.66066017; 92
0.66067900; 200
0.66082600; 1
0.66084430; 120
0.66090310; 39
0.66096680; 39
0.66103060; 20
0.66111940; 60
0.66111960; 2
0.66132800; 31
0.66133733; 650
0.66133967; 460
0.66141150; 15
0.66143490; 6
0.66150723; 71
0.66153450; 60
0.66154820; 20
0.66168450; 12
0.66170580; 510
0.66175147; 340
0.66176260; 38
0.66181671; 870
0.66183990; 37
0.66196160; 60
0.66199458; 1200
0.66202480; 15
0.66204080; 170
0.66209650; 8
0.66213290; 7
0.66221270; 20
0.66231500; 0
0.66236260; 11
0.66261220; 47
0.66265440; 15
0.66281680; 25
0.66290210; 7
0.66294470; 7
0.66315679; 54
0.66318060; 20
0.66321100; 37
0.66334578; 160
0.66337836; 110
0.66350880; 6
0.66361430; 15
0.66362000; 0
0.66370320; 20
0.66372019; 140
0.66382202; 151
0.66387690; 78
0.66389120; 1800
0.66397260; 60
0.66397403; 93
0.66410060; 30
0.66414390; 30
0.66416680; 30
0.66423273; 140
0.66431200; 60
0.66433740; 20
0.66435010; 22
0.66436973; 269
0.66440271; 110
0.66445500; 30
0.66446497; 670
0.66446700; 1600
0.66448390; 15
0.66463200; 36
0.66465407; 640
0.66471000; 11
0.66476930; 40
0.66483440; 27
0.66484954; 450
0.66486580; 8
0.66489586; 500
0.66491150; 34
0.66492770; 19
0.66494870; 7
0.66505600; 150
0.66510000; 20
0.66513670; 14
0.66522250; 14
0.66535830; 1
0.66541100; 17
0.66542296; 54
0.66543671; 400
0.66550700; 34
0.66554892; 160
0.66559274; 150
0.66565030; 7
0.66567080; 30
0.66574990; 2
0.66578790; 22
0.66580710; 15
0.66581850; 21
0.66586774; 2400
0.66588690; 15
0.66591119; 70
0.66592660; 15
0.66593310; 22
0.66594960; 20
0.66606760; 5
0.66613200; 22
0.66622685; 16000
0.66626321; 110
0.66636969; 400
0.66640510; 5
0.66649560; 82
0.66663587; 117
0.66669870; 29
0.66684140; 59
0.66686640; 33
0.66688164; 540
0.66689399; 100
0.66694493; 96
0.66695310; 21
0.66696340; 7
0.66707240; 22
0.66716840; 21
0.66723830; 7
0.66734115; 52
0.66735799; 500
0.66746967; 3000
0.66750230; 58
0.66753410; 29
0.66772820; 100
0.66779610; 30
0.66787065; 1500
0.66796370; 8
0.66800811; 180
0.66806640; 14
0.66809430; 14
0.66828376; 82
0.66833672; 1300
0.66839910; 58
0.66840484; 320
0.66842924; 204
0.66846870; 58
0.66857010; 29
0.66862150; 32
0.66871240; 37
0.66875207; 230
0.66897810; 20
0.66902710; 29
0.66909060; 370
0.66913920; 17
0.66921280; 9
0.66927262; 330
0.66932066; 78
0.66940068; 320
0.66944967; 350
0.66946770; 15
0.66951810; 29
0.66957100; 0
0.66961397; 700
0.66962960; 4
0.66968860; 7
0.66969960; 7
0.66971390; 36
0.66977121; 970
0.66980153; 180
0.66980577; 270
0.66985160; 14
0.66986126; 71
0.67004870; 42
0.67005180; 20
0.67007499; 150
0.67007499; 150
0.67008050; 24
0.67010100; 14
0.67018720; 10
0.67025760; 7
0.67030910; 14
0.67033480; 36
0.67038966; 140
0.67040510; 250
0.67040510; 250
0.67051510; 72
0.67054280; 57
0.67060910; 20
0.67064510; 14
0.67077330; 21
0.67080790; 11
0.67082870; 26
0.67083940; 12
0.67088411; 82
0.67092480; 14
0.67094430; 14
0.67103260; 11
0.67108677; 82
0.67110780; 24
0.67112517; 840
0.67114950; 360
0.67118580; 29
0.67120170; 22
0.67121950; 34
0.67128380; 14
0.67135972; 100
0.67139700; 1500
0.67144970; 11
0.67146859; 43
0.67151885; 160
0.67155136; 150
0.67162150; 21
0.67173850; 800
0.67175820; 7
0.67190110; 21
0.67191994; 1400
0.67206990; 6
0.67210790; 42
0.67216180; 10
0.67219560; 18
0.67228520; 6
0.67231200; 13
0.67253767; 130
0.67253767; 130
0.67254820; 13
0.67263091; 180
0.67269479; 140
0.67274582; 4400
0.67275934; 90
0.67276527; 250
0.67281184; 700
0.67287587; 370
0.67299327; 94
0.67310470; 170
0.67315720; 4
0.67316720; 150
0.67322420; 64
0.67326490; 280
0.67333145; 89
0.67337486; 830
0.67340030; 27
0.67346670; 140
0.67348560; 15
0.67350070; 11
0.67351261; 220
0.67353726; 100
0.67356860; 13
0.67376430; 340
0.67381799; 640
0.67399594; 150
0.67419212; 140
0.67425009; 76
0.67428840; 480
0.67431991; 45
0.67461354; 97
0.67471720; 18
0.67474020; 13
0.67479640; 5
0.67493153; 110
0.67514266; 210
0.67528340; 150
0.67536591; 360
0.67542661; 160
0.67546211; 59
0.67553050; 13
0.67554750; 130
0.67556630; 26
0.67561630; 5
0.67563230; 98
0.67564527; 9700
0.67565370; 410
0.67565522; 32
0.67571091; 610
0.67573100; 0
0.67573491; 43
0.67582036; 460
0.67585210; 32
0.67587160; 13
0.67602910; 13
0.67604000; 13
0.67606632; 100
0.67608923; 170
0.67625015; 52
0.67633314; 56
0.67635320; 52
0.67643530; 10
0.67656692; 240
0.67657183; 230
0.67663410; 180
0.67666120; 15
0.67679430; 17
0.67681640; 21
0.67685110; 19
0.67691260; 31
0.67693870; 39
0.67701068; 370
0.67701730; 32
0.67713230; 65
0.67716230; 32
0.67721745; 520
0.67722479; 110
0.67730972; 260
0.67737697; 49
0.67740790; 12
0.67742540; 6
0.67743870; 21
0.67751020; 23
0.67755010; 12
0.67762300; 650
0.67775970; 11
0.67783123; 3800
0.67790800; 37
0.67793242; 82
0.67799870; 340
0.67801251; 3300
0.67804130; 4300
0.67812340; 19
0.67816760; 19
0.67824640; 6
0.67841590; 22
0.67846290; 22
0.67847956; 90
0.67849290; 29
0.67863630; 22
0.67877367; 1100
0.67881800; 310
0.67883430; 120
0.67887177; 42
0.67888403; 1900
0.67890042; 99
0.67896870; 22
0.67912350; 1800
0.67924700; 22
0.67926740; 15
0.67929000; 92
0.67937140; 33
0.67947990; 15
0.67949672; 45
0.67950494; 120
0.67957982; 110
0.67967827; 160
0.67978340; 6
0.67984868; 390
0.67987453; 82
0.67992880; 3
0.68004645; 130
0.68024100; 18
0.68027855; 140
0.68031780; 9
0.68033040; 30
0.68047382; 160
0.68054678; 140
0.68057513; 160
0.68071140; 22
0.68073190; 150
0.68078100; 14
0.68085312; 15
0.68091000; 500
0.68093168; 460
0.68095094; 200
0.68096773; 160
0.68105494; 330
0.68115000; 12
0.68117250; 24
0.68119635; 68
0.68124915; 370
0.68127752; 290
0.68129718; 56
0.68136126; 60
0.68141840; 12
0.68156123; 170
0.68162460; 300
0.68168281; 45
0.68172480; 11
0.68173830; 19
0.68183710; 8
0.68185310; 31
0.68190056; 59
0.68195600; 34
0.68198020; 26
0.68235086; 580
0.68238190; 21
0.68239171; 53
0.68241057; 43
0.68243800; 5
0.68246774; 2300
0.68260320; 15
0.68262960; 2900
0.68282130; 38
0.68290354; 4400
0.68292120; 46
0.68293472; 290
0.68312532; 56
0.68316210; 11
0.68321860; 17
0.68328927; 150
0.68329100; 0
0.68333787; 45
0.68336970; 17
0.68345850; 5
0.68347800; 28
0.68349245; 9800
0.68350602; 210
0.68359134; 72
0.68361980; 14
0.68366510; 17
0.68368790; 28
0.68374965; 130
0.68389020; 46
0.68389790; 11
0.68392949; 110
0.68395840; 4
0.68408990; 10
0.68416900; 54
0.68419620; 43
0.68427341; 190
0.68435560; 16
0.68451320; 24
0.68453790; 25
0.68458670; 40
0.68464790; 370
0.68465400; 1
0.68466135; 85
0.68475260; 11
0.68476190; 16
0.68479960; 8
0.68482790; 10
0.68486970; 16
0.68501110; 43
0.68505389; 46
0.68506938; 69
0.68512100; 24
0.68520990; 5
0.68523545; 160
0.68535238; 420
0.68541089; 870
0.68542497; 75
0.68545128; 120
0.68548700; 20
0.68553150; 450
0.68556891; 200
0.68560600; 0
0.68574180; 8
0.68583170; 5
0.68589240; 17
0.68598990; 5
0.68612689; 112
0.68627580; 14
0.68628685; 150
0.68630960; 21
0.68635347; 35
0.68653960; 15
0.68661573; 300
0.68663665; 860
0.68667633; 980
0.68684510; 1100
0.68686383; 100
0.68692500; 0
0.68692740; 49
0.68701520; 37
0.68702390; 36
0.68707261; 500
0.68708070; 9
0.68709110; 9
0.68709888; 290
0.68712890; 150
0.68722340; 37
0.68730543; 130
0.68740920; 260
0.68742032; 68
0.68747528; 2900
0.68749789; 170
0.68754400; 9
0.68755500; 0
0.68762926; 47
0.68774690; 9
0.68778740; 23
0.68780435; 110
0.68784060; 32
0.68793760; 4
0.68795820; 5
0.68807745; 100
0.68809450; 4
0.68812500; 23
0.68816740; 23
0.68819320; 9
0.68828108; 490
0.68831374; 130
0.68833147; 410
0.68838400; 77
0.68857210; 4
0.68859640; 9
0.68864079; 1400
0.68866118; 26
0.68881606; 100
0.68881740; 10
0.68887200; 250
0.68888347; 160
0.68890513; 59
0.68893033; 730
0.68910870; 24
0.68922502; 410
0.68926200; 0
0.68926390; 16
0.68927800; 4
0.68936150; 31
0.68942303; 120
0.68951160; 38
0.68952270; 47
0.68970031; 49
0.68972770; 95
0.68981460; 0
0.69000059; 100
0.69004434; 110
0.69006135; 110
0.69007632; 290
0.69008800; 2
0.69010162; 120
0.69022105; 230
0.69027670; 9
0.69029570; 47
0.69030860; 49
0.69033170; 38
0.69040820; 6
0.69044592; 98
0.69044600; 0
0.69045780; 240
0.69049580; 110
0.69058562; 99
0.69065885; 63
0.69073740; 15
0.69086156; 71
0.69089905; 180
0.69092195; 87
0.69098491; 730
0.69106900; 25
0.69112262; 25000
0.69117600; 0
0.69126940; 9
0.69131730; 9
0.69147127; 150
0.69150055; 96
0.69161285; 1400
0.69170360; 76
0.69194150; 4
0.69200394; 230
0.69203910; 23
0.69208340; 4
0.69214320; 51
0.69246611; 74
0.69250400; 18
0.69255660; 37
0.69263110; 9
0.69277210; 9
0.69289590; 13
0.69296890; 51
0.69317840; 13
0.69322270; 69
0.69324580; 51
0.69338360; 9
0.69342294; 460
0.69342842; 260
0.69344880; 69
0.69348390; 18
0.69362230; 46
0.69366528; 310
0.69370330; 37
0.69370800; 0
0.69376180; 46
0.69376640; 50
0.69389670; 0
0.69403323; 90
0.69415687; 74
0.69425378; 710
0.69436105; 14000
0.69446147; 71
0.69447730; 36
0.69449260; 9
0.69454902; 1300
0.69462134; 160
0.69465990; 230
0.69467810; 25
0.69477830; 9
0.69479170; 130
0.69480900; 340
0.69482050; 600
0.69483942; 240
0.69497540; 45
0.69512590; 22
0.69514780; 7
0.69516540; 92
0.69529666; 280
0.69532300; 0
0.69543870; 9
0.69546557; 570
0.69553151; 160
0.69561130; 4
0.69563320; 25
0.69602500; 7
0.69623117; 250
0.69628631; 90
0.69639300; 230
0.69642710; 230
0.69654310; 10000
0.69659379; 300
0.69660640; 13
0.69669050; 13
0.69692976; 180
0.69697790; 9
0.69743810; 4
0.69744460; 45
0.69754780; 25
0.69768390; 9
0.69770610; 13
0.69774620; 110
0.69782383; 82
0.69787530; 9
0.69799440; 4
0.69805430; 18
0.69810832; 240
0.69826080; 230
0.69827520; 13
0.69839650; 22
0.69845850; 18
0.69847590; 22
0.69849520; 13
0.69854719; 160
0.69857080; 1
0.69857830; 45
0.69860298; 220
0.69861590; 9
0.69865650; 13
0.69874440; 13
0.69877900; 90
0.69888710; 90
0.69896552; 31000
0.69901220; 5
0.69926966; 230
0.69930371; 860
0.69939873; 110
0.69947360; 450
0.69951410; 340
0.69959300; 52
0.69962020; 36
0.69967573; 80
0.69974130; 130
0.69982470; 450
0.69996238; 140
0.70008036; 7800
0.70014400; 0
0.70028822; 990
0.70058250; 36
0.70061130; 230
0.70066550; 18
0.70070961; 170
0.70080510; 54
0.70131710; 4
0.70136170; 36
0.70148730; 230
0.70149689; 360
0.70153172; 390
0.70185674; 9800
0.70187840; 13
0.70199700; 18
0.70204841; 100
0.70212833; 430
0.70216680; 13
0.70218990; 180
0.70231487; 150
0.70235276; 360
0.70236360; 120
0.70237760; 37
0.70248953; 110
0.70251880; 18
0.70253790; 4
0.70264617; 170
0.70280229; 190
0.70302510; 150
0.70313064; 130
0.70314690; 69
0.70321780; 69
0.70323500; 13
0.70329310; 410
0.70333588; 230
0.70333588; 230
0.70336524; 130
0.70362153; 110
0.70362153; 110
0.70362833; 1500
0.70374100; 18
0.70377810; 36
0.70378520; 46
0.70381650; 180
0.70387203; 85
0.70398770; 22
0.70405300; 9
0.70420310; 13
0.70432280; 36
0.70437140; 68
0.70449677; 94
0.70457970; 1100
0.70461240; 45
0.70473190; 9
0.70477620; 9
0.70498440; 91
0.70506900; 0
0.70515030; 36
0.70536194; 620
0.70544177; 420
0.70549930; 3
0.70556600; 4
0.70559012; 110
0.70565950; 46
0.70568850; 18
0.70584893; 670
0.70595253; 300
0.70600413; 1600
0.70606537; 3800
0.70613944; 440
0.70613944; 440
0.70616070; 4
0.70624180; 190
0.70633140; 37
0.70635850; 46
0.70638440; 37
0.70644514; 1500
0.70662857; 200
0.70672180; 10000
0.70672470; 46
0.70675103; 150
0.70683300; 9
0.70687360; 100
0.70702790; 9
0.70707930; 4
0.70710942; 350
0.70714800; 250
0.70723931; 1200
0.70742564; 110
0.70750006; 120
0.70753336; 850
0.70770240; 5
0.70771940; 18
0.70773690; 120
0.70774220; 240
0.70777400; 18
0.70782620; 140
0.70821370; 94
0.70841690; 12000
0.70849830; 55
0.70875060; 14
0.70875950; 0
0.70883300; 37
0.70886630; 4
0.70888233; 240
0.70890520; 37
0.70893395; 670
0.70894890; 37
0.70896990; 110
0.70905600; 1
0.70931280; 14
0.70948030; 14
0.70956230; 19
0.70960000; 14
0.70966650; 23
0.70970320; 47
0.70976450; 23
0.70990940; 19
0.71003910; 9
0.71005145; 430
0.71011900; 1
0.71016600; 19
0.71021850; 47
0.71025910; 160
0.71030290; 38
0.71031100; 0
0.71056540; 48
0.71074690; 47
0.71074780; 25
0.71085500; 9
0.71090850; 150
0.71091819; 300
0.71093200; 47
0.71093710; 0
0.71095485; 110
0.71098602; 330
0.71102780; 9
0.71110450; 360
0.71129190; 220
0.71130070; 23
0.71139879; 170
0.71143981; 510
0.71165510; 37
0.71169920; 93
0.71178143; 91
0.71191740; 9
0.71199770; 0
0.71203340; 29
0.71217370; 6
0.71220980; 14
0.71228870; 14
0.71242860; 0
0.71245605; 8300
0.71245968; 180
0.71253118; 150
0.71255214; 130
0.71258200; 25
0.71260090; 23
0.71263240; 38
0.71268179; 120
0.71276400; 47
0.71284500; 38
0.71301837; 420
0.71302868; 280
0.71307236; 630
0.71313586; 610
0.71325090; 120
0.71326100; 600
0.71344840; 38
0.71368410; 19
0.71369560; 38
0.71371330; 24
0.71376350; 14
0.71381420; 97
0.71398610; 150
0.71400800; 19
0.71404617; 250
0.71423313; 760
0.71441690; 38
0.71457930; 90
0.71463730; 38
0.71470420; 1000
0.71474230; 71
0.71479130; 14
0.71483995; 110
0.71485590; 1800
0.71489230; 38
0.71490169; 130
0.71492240; 24
0.71502844; 4100
0.71506928; 84
0.71511970; 90
0.71515250; 96
0.71535873; 710
0.71547626; 660
0.71549538; 1200
0.71553490; 38
0.71569223; 620
0.71569445; 670
0.71570670; 0
0.71588390; 15
0.71598813; 370
0.71599470; 1000
0.71607640; 30
0.71616890; 9
0.71622500; 38
0.71631800; 23
0.71633740; 9
0.71643230; 38
0.71645080; 9
0.71651760; 120
0.71665140; 0
0.71668184; 86
0.71672028; 500
0.71688950; 30000
0.71696210; 18
0.71703607; 260
0.71705750; 9
0.71728670; 37
0.71729870; 30
0.71731170; 37
0.71733723; 1700
0.71741350; 300
0.71761860; 140
0.71767213; 370
0.71772840; 240
0.71782520; 37
0.71790480; 30
0.71791890; 4
0.71797147; 160
0.71809590; 39
0.71819030; 30
0.71820980; 2
0.71832250; 9
0.71844260; 19
0.71845420; 14
0.71847210; 19
0.71850310; 14
0.71871500; 0
0.71874380; 61
0.71884150; 91
0.71885320; 330
0.71893230; 4
0.71894070; 49
0.71901240; 24
0.71903320; 9
0.71911330; 1200
0.71915850; 14
0.71920190; 200
0.71933570; 4
0.71949250; 91
0.71952360; 14
0.71957970; 19
0.71959576; 84
0.71965690; 39
0.71980920; 98
0.71982140; 19
0.71989860; 24
0.72000451; 2200
0.72001710; 250
0.72008150; 9
0.72010420; 250
0.72018090; 350
0.72023350; 24
0.72035930; 19
0.72047610; 14
0.72054350; 9
0.72064828; 1400
0.72069800; 70
0.72070226; 120
0.72073920; 24
0.72077560; 250
0.72080062; 14000
0.72082750; 490
0.72091770; 24
0.72099810; 24
0.72100360; 24
0.72105620; 9
0.72117690; 9
0.72126896; 2900
0.72156670; 49
0.72159330; 39
0.72161580; 120
0.72169110; 39
0.72177566; 500
0.72179233; 560
0.72180542; 6500
0.72191512; 2300
0.72197820; 120
0.72209809; 220
0.72251099; 130
0.72262460; 74
0.72308616; 640
0.72329460; 49
0.72333917; 190
0.72335341; 23
0.72355544; 160
0.72358990; 250
0.72384040; 39
0.72392645; 79
0.72401848; 270
0.72409810; 160
0.72412800; 9
0.72420917; 1700
0.72422842; 85
0.72422842; 85
0.72423554; 280
0.72446964; 2200
0.72452920; 9
0.72455000; 39
0.72461270; 650
0.72463180; 24
0.72463700; 14
0.72475990; 200
0.72478430; 9
0.72485470; 9
0.72489668; 140
0.72494500; 0
0.72498437; 72
0.72505895; 130
0.72519430; 9
0.72536760; 190
0.72553535; 870
0.72568076; 100
0.72569860; 530
0.72571890; 120
0.72573340; 9
0.72581762; 770
0.72586655; 77
0.72602580; 39
0.72612170; 25
0.72621900; 50
0.72641180; 250
0.72647470; 10
0.72651720; 15
0.72670960; 250
0.72684900; 25
0.72688340; 500
0.72705572; 310
0.72706640; 7
0.72709930; 40
0.72725289; 140
0.72729360; 2000
0.72737292; 130
0.72742940; 78
0.72758290; 110
0.72759720; 10
0.72764530; 52
0.72780320; 20
0.72781010; 15
0.72782720; 5
0.72787670; 5
0.72791420; 41
0.72804540; 2
0.72804780; 100
0.72827146; 86
0.72841660; 42
0.72842320; 7
0.72849031; 4500
0.72861100; 16
0.72889900; 55
0.72894380; 95
0.72898120; 22
0.72912760; 44
0.72924940; 16
0.72928640; 11
0.72933740; 84
0.72942170; 28
0.72943160; 84
0.72962659; 440
0.72981434; 410
0.72981500; 0
0.73021728; 89
0.73024329; 74
0.73024960; 16
0.73051966; 110
0.73054043; 560
0.73056490; 72
0.73072330; 22
0.73079330; 22
0.73085150; 160
0.73086417; 320
0.73092571; 160
0.73093110; 11
0.73110030; 55
0.73115146; 430
0.73117160; 35
0.73122550; 63
0.73147430; 11
0.73150666; 480
0.73156112; 200
0.73160050; 25
0.73166760; 10
0.73171220; 16
0.73182720; 10
0.73185950; 43
0.73232106; 210
0.73237400; 10
0.73238510; 130
0.73239880; 54
0.73248074; 1100
0.73252190; 43
0.73260580; 16
0.73268010; 27
0.73282850; 3500
0.73294916; 480
0.73319060; 10
0.73320150; 95
0.73340670; 21
0.73355772; 200
0.73358020; 27
0.73361340; 11
0.73367980; 22
0.73377812; 130
0.73385910; 160
0.73390050; 44
0.73393300; 11
0.73394098; 100
0.73396035; 340
0.73397290; 16
0.73411515; 3000
0.73414330; 44
0.73415604; 58
0.73417598; 82
0.73420313; 100
0.73422995; 220
0.73425769; 720
0.73433960; 27
0.73463428; 140
0.73466710; 11
0.73470430; 120
0.73480495; 16
0.73493150; 95
0.73504540; 290
0.73508140; 5
0.73509340; 28
0.73513710; 5
0.73525810; 160
0.73529370; 46
0.73530168; 180
0.73532930; 70
0.73546100; 63
0.73551800; 2
0.73583380; 2
0.73583449; 140
0.73585680; 46
0.73587380; 11
0.73590690; 63
0.73604280; 17
0.73605530; 11
0.73607150; 11
0.73613472; 310
0.73621942; 120
0.73637940; 58
0.73651660; 17
0.73654261; 130
0.73704090; 23
0.73708249; 270
0.73721047; 110
0.73721180; 200
0.73744830; 29
0.73751420; 5
0.73761780; 150
0.73768771; 1600
0.73776260; 11
0.73778873; 110
0.73781650; 11
0.73801560; 260
0.73804229; 44
0.73835960; 300
0.73837115; 1200
0.73839800; 10000
0.73841747; 1400
0.73851540; 120
0.73855005; 12000
0.73860550; 47
0.73863445; 250
0.73869236; 120
0.73871771; 93
0.73884030; 29
0.73892640; 640
0.73900970; 300
0.73929800; 20
0.73934380; 1100
0.73949700; 6
0.73960118; 65
0.73968950; 120
0.73970740; 24
0.73985400; 48
0.73985830; 300
0.73993910; 48
0.73997241; 70
0.74003090; 12
0.74018591; 74
0.74022522; 2000
0.74032730; 18
0.74036980; 12
0.74039900; 190
0.74042595; 120
0.74047051; 83
0.74092129; 120
0.74098360; 17
0.74109683; 150
0.74113220; 59
0.74117387; 330
0.74120080; 130
0.74123370; 15
0.74134100; 11
0.74134840; 17
0.74135957; 130
0.74140520; 160
0.74141390; 17
0.74143610; 59
0.74156790; 17
0.74158170; 29
0.74159230; 59
0.74165030; 17
0.74177909; 480
0.74185493; 1200
0.74193410; 1
0.74193915; 50
0.74195930; 59
0.74214650; 29
0.74218272; 77
0.74220107; 180
0.74238043; 170
0.74252417; 230
0.74252940; 10
0.74269060; 24
0.74272240; 12
0.74285740; 2
0.74289402; 7900
0.74292120; 17
0.74302532; 3900
0.74313780; 160
0.74316800; 130
0.74330050; 29
0.74333750; 48
0.74353680; 25
0.74362970; 10
0.74373310; 6
0.74377080; 64
0.74384940; 64
0.74390860; 260
0.74404910; 4
0.74420449; 110
0.74435730; 6
0.74438752; 93
0.74443730; 100
0.74447482; 1500
0.74478489; 1200
0.74496049; 260
0.74498090; 240
0.74499790; 18
0.74501925; 120
0.74503060; 48
0.74524320; 12
0.74525160; 120
0.74531880; 30
0.74537300; 120
0.74540960; 64
0.74552080; 620
0.74559960; 2
0.74568182; 170
0.74576532; 120
0.74587540; 160
0.74603100; 62
0.74612900; 49
0.74613850; 18
0.74615020; 31
0.74629909; 90
0.74634270; 6
0.74650250; 93
0.74652362; 78
0.74654399; 190
0.74668190; 31
0.74690565; 90
0.74697050; 25
0.74734400; 130
0.74740430; 12
0.74745590; 62
0.74798210; 100
0.74806464; 84
0.74808020; 12
0.74811064; 78
0.74813543; 4600
0.74833740; 66
0.74836256; 2000
0.74840020; 33
0.74855000; 30
0.74877171; 100
0.74878690; 18
0.74879733; 750
0.74881690; 66
0.74893610; 6
0.74896145; 260
0.74897112; 270
0.74901092; 100
0.74903790; 30
0.74934276; 200
0.74942370; 12
0.74955641; 170
0.74969881; 110
0.74973050; 18
0.74975498; 77
0.74978820; 130
0.74990024; 300
0.74995730; 73
0.74996437; 51
0.74997860; 6
0.75011800; 49
0.75036260; 12
0.75038289; 63
0.75038690; 20000
0.75050520; 6
0.75051530; 1
0.75052928; 350
0.75077381; 180
0.75079237; 440
0.75084787; 630
0.75087924; 66
0.75095170; 33
0.75095950; 12
0.75101440; 6
0.75113498; 390
0.75117910; 830
0.75122370; 19
0.75128434; 90
0.75146040; 33
0.75146520; 15000
0.75146810; 12
0.75148963; 75
0.75148963; 75
0.75155040; 6
0.75167405; 130
0.75179510; 180
0.75187823; 360
0.75192790; 6
0.75201270; 50
0.75205670; 12
0.75206940; 95
0.75226540; 67
0.75231348; 740
0.75233350; 50
0.75253276; 130
0.75255074; 1800
0.75268320; 12
0.75273483; 95
0.75284891; 200
0.75284900; 260
0.75289190; 32
0.75293180; 19
0.75294080; 12
0.75311436; 430
0.75318147; 190
0.75342240; 100
0.75358500; 32
0.75362440; 6
0.75364364; 220
0.75374286; 400
0.75405921; 61
0.75445920; 13
0.75456570; 32
0.75473090; 34
0.75477420; 19
0.75493136; 3500
0.75494390; 6
0.75499230; 13
0.75508310; 6
0.75537530; 13
0.75553253; 170
0.75562235; 87
0.75563090; 13
0.75566460; 6
0.75568920; 34
0.75574380; 13
0.75577494; 170
0.75637110; 33
0.75658515; 420
0.75665296; 480
0.75667320; 20
0.75675985; 660
0.75677415; 8700
0.75690790; 65
0.75695112; 730
0.75696582; 330
0.75705589; 77
0.75706360; 13
0.75710325; 79
0.75729730; 27
0.75731550; 20
0.75733437; 290
0.75741160; 20
0.75744840; 34
0.75772660; 140
0.75775500; 170
0.75794560; 20
0.75803459; 130
0.75806904; 160
0.75810880; 13
0.75834261; 62
0.75856946; 4300
0.75857918; 7900
0.75862131; 130
0.75869943; 120
0.75893152; 72
0.75919990; 69
0.75982054; 1200
0.75996380; 34
0.75998150; 13
0.76006370; 13
0.76018800; 35
0.76022470; 14
0.76027950; 280
0.76032475; 87
0.76036242; 170
0.76050830; 35
0.76063140; 36
0.76075141; 120
0.76078230; 1400
0.76086590; 68
0.76093590; 21
0.76095460; 14
0.76101010; 36
0.76103780; 14
0.76112930; 57
0.76121220; 28
0.76148100; 100
0.76165760; 34
0.76166827; 130
0.76172550; 14
0.76180300; 1
0.76200772; 630
0.76204430; 21
0.76205895; 59
0.76208150; 36
0.76234400; 34
0.76235682; 75
0.76243122; 140
0.76251194; 230
0.76257051; 1800
0.76271749; 3200
0.76274280; 21
0.76303102; 1900
0.76305366; 400
0.76321305; 380
0.76337650; 200
0.76338900; 69
0.76349190; 21
0.76351060; 25000
0.76361747; 1400
0.76373853; 540
0.76377670; 34
0.76387805; 620
0.76410660; 7
0.76416050; 14
0.76420378; 88
0.76424250; 14
0.76428842; 110
0.76434130; 7
0.76447402; 160
0.76449649; 120
0.76463370; 14
0.76473793; 15000
0.76498910; 14
0.76510005; 210
0.76511430; 7
0.76517450; 380
0.76523198; 1100
0.76533270; 7
0.76538284; 1700
0.76540310; 2
0.76542560; 87
0.76546997; 710
0.76553070; 14
0.76557020; 59
0.76583242; 1500
0.76600243; 230
0.76608896; 930
0.76611620; 15
0.76616210; 60
0.76653440; 15
0.76657340; 60
0.76665679; 500
0.76670180; 15
0.76689608; 100
0.76697500; 60
0.76721230; 7
0.76722551; 160
0.76727490; 15
0.76759250; 15
0.76762195; 370
0.76768880; 15
0.76781265; 2000
0.76809480; 2
0.76813180; 22
0.76814900; 1
0.76820490; 96
0.76824380; 22
0.76830189; 220
0.76831500; 22
0.76834580; 1
0.76853073; 740
0.76861538; 180
0.76889490; 22
0.76899930; 7
0.76906580; 38
0.76917706; 370
0.76938016; 300
0.76970770; 15
0.76979239; 450
0.76980556; 160
0.76994033; 310
0.76996438; 60
0.76997794; 400
0.77011081; 220
0.77036850; 480
0.77052680; 15
0.77064480; 22
0.77069090; 7
0.77081490; 15
0.77095522; 260
0.77095522; 260
0.77096016; 140
0.77098915; 170
0.77102689; 1600
0.77111248; 190
0.77124049; 200
0.77139377; 600
0.77188120; 22
0.77212020; 490
0.77217800; 15
0.77236410; 22
0.77237610; 15000
0.77242070; 10000
0.77263840; 15
0.77275520; 15
0.77289509; 1300
0.77295420; 72
0.77301070; 38
0.77304738; 59
0.77317386; 550
0.77346291; 58
0.77354790; 15
0.77363640; 15
0.77377790; 31
0.77383698; 58
0.77397040; 15
0.77424200; 1
0.77425628; 710
0.77439552; 130
0.77474150; 180
0.77483680; 72
0.77488800; 23
0.77493250; 62
0.77495780; 38
0.77514350; 38
0.77524400; 23
0.77532800; 1
0.77536600; 0
0.77542710; 15
0.77544330; 7
0.77547480; 7
0.77570030; 1
0.77584860; 23
0.77591270; 15
0.77617134; 140
0.77627320; 140
0.77646539; 92
0.77669410; 30
0.77679630; 23
0.77684700; 15
0.77690520; 15
0.77719456; 750
0.77724570; 15
0.77734290; 73
0.77751784; 68
0.77756880; 15
0.77766720; 260
0.77768040; 30
0.77784923; 350
0.77797410; 61
0.77813290; 15
0.77818263; 170
0.77823167; 1100
0.77827420; 30
0.77834170; 38
0.77842545; 76
0.77846080; 73
0.77847790; 23
0.77857710; 15
0.77864440; 73
0.77876543; 250
0.77878003; 660
0.77889341; 7000
0.77931326; 130
0.77954100; 2
0.77983579; 3300
0.77996293; 66
0.77996293; 66
0.78000290; 23
0.78022520; 1
0.78028188; 57
0.78038110; 23
0.78041415; 170
0.78045309; 210
0.78060290; 150
0.78070260; 180
0.78078760; 180
0.78092407; 84
0.78094322; 160
0.78099500; 15
0.78106246; 270
0.78111590; 73
0.78134761; 330
0.78139743; 240
0.78158660; 36
0.78161535; 130
0.78161535; 130
0.78171300; 31
0.78177699; 13000
0.78183310; 150
0.78186940; 15
0.78193500; 23
0.78198880; 15
0.78223878; 230
0.78237870; 15
0.78240410; 74
0.78242910; 7
0.78252450; 15
0.78280730; 24
0.78337737; 71
0.78344578; 620
0.78348050; 74
0.78352660; 74
0.78356210; 350
0.78360810; 37
0.78364598; 510
0.78367030; 0
0.78377700; 0
0.78380620; 16
0.78392500; 0
0.78402980; 820
0.78404579; 610
0.78409986; 62
0.78415960; 41
0.78417910; 2100
0.78422652; 610
0.78435450; 33
0.78465550; 2
0.78474967; 240
0.78475394; 15000
0.78478020; 740
0.78484548; 1100
0.78494090; 9
0.78496255; 280
0.78510060; 24
0.78522270; 8
0.78534820; 0
0.78550740; 24
0.78585830; 16
0.78623452; 75
0.78633999; 180
0.78634617; 120
0.78640221; 490
0.78650770; 65
0.78652604; 86
0.78659700; 3500
0.78676884; 110
0.78684042; 270
0.78689352; 130
0.78697710; 120
0.78712840; 150
0.78754627; 170
0.78770757; 150
0.78784830; 40
0.78787059; 66
0.78805770; 40
0.78807610; 150
0.78816670; 16
0.78820952; 93
0.78835950; 32
0.78839860; 37
0.78862831; 2700
0.78910750; 10
0.78917430; 110
0.78927517; 53
0.78928920; 110
0.78936193; 250
0.78946700; 0
0.78947914; 60
0.78964260; 160
0.78965410; 40
0.78972399; 72
0.78990180; 65
0.78996231; 1200
0.79003200; 1700
0.79033190; 65
0.79044345; 200
0.79047700; 2
0.79078560; 32
0.79081439; 110
0.79084840; 65
0.79144930; 65
0.79158130; 1
0.79168032; 65
0.79180588; 55
0.79222444; 95
0.79225654; 260
0.79225654; 260
0.79225654; 260
0.79229270; 42
0.79229270; 42
0.79249916; 230
0.79257479; 150
0.79273500; 2
0.79276682; 71
0.79286800; 24
0.79289545; 55
0.79298209; 96
0.79299380; 40
0.79328201; 49
0.79332750; 74
0.79348890; 0
0.79364750; 74
0.79367620; 32
0.79377335; 1500
0.79404700; 1
0.79411640; 16
0.79417263; 1800
0.79430500; 170
0.79433930; 16
0.79435100; 0
0.79450700; 200
0.79456110; 25
0.79458450; 0
0.79460895; 99
0.79461836; 65
0.79468989; 77
0.79479300; 33
0.79481760; 20000
0.79490190; 25
0.79521480; 25
0.79545926; 1100
0.79550660; 630
0.79554910; 16
0.79557090; 33
0.79604740; 8
0.79611598; 270
0.79613618; 180
0.79619833; 300
0.79657110; 67
0.79662640; 16
0.79687840; 16
0.79697893; 76
0.79702547; 160
0.79725959; 2200
0.79728810; 160
0.79735170; 200
0.79741596; 700
0.79744590; 33
0.79747430; 25
0.79758740; 16
0.79761745; 93
0.79768700; 25
0.79789732; 27000
0.79808780; 16
0.79812264; 280
0.79816774; 140
0.79825082; 60
0.79836100; 1
0.79837220; 39
0.79840320; 8
0.79843686; 72
0.79879730; 1600
0.79891659; 62
0.79913655; 430
0.79921589; 200
0.79929000; 1
0.79932578; 77
0.79936809; 820
0.79941514; 75
0.79947090; 25
0.79969693; 120
0.79985101; 120
0.79999632; 65
0.80000459; 450
0.80021882; 94
0.80025890; 33
0.80034553; 310
0.80051959; 130
0.80061570; 20000
0.80064583; 120
0.80064583; 120
0.80082720; 16
0.80083970; 41
0.80086450; 16
0.80107002; 82
0.80135063; 110
0.80145030; 160
0.80147860; 25000
0.80156430; 96
0.80156430; 96
0.80175280; 19
0.80207420; 79
0.80222012; 1300
0.80223311; 480
0.80227330; 24
0.80238860; 16
0.80242528; 480
0.80257269; 550
0.80262145; 360
0.80264468; 140
0.80270917; 67
0.80302004; 900
0.80315740; 8
0.80324315; 6200
0.80329081; 280
0.80346250; 1
0.80355988; 100
0.80356372; 230
0.80368332; 95
0.80368570; 8
0.80376990; 24
0.80386910; 16
0.80432390; 8
0.80437600; 0
0.80443080; 2
0.80449890; 33
0.80451958; 67
0.80463388; 84
0.80468363; 100
0.80486110; 16
0.80527150; 41
0.80530100; 39
0.80533080; 7
0.80535840; 39
0.80545357; 150
0.80579730; 420
0.80619180; 25
0.80623340; 61
0.80626305; 1400
0.80643800; 17
0.80660600; 0
0.80668269; 800
0.80687424; 54
0.80687424; 54
0.80707850; 17
0.80744720; 25
0.80756525; 1200
0.80769800; 42
0.80826845; 81
0.80826845; 81
0.80837500; 1
0.80844510; 8
0.80852192; 1700
0.80861300; 0
0.80865739; 53
0.80872630; 17
0.80887010; 34
0.80894847; 370
0.80898960; 34
0.80913560; 17
0.80922376; 330
0.80936239; 4400
0.80962603; 150
0.80974830; 34
0.81008390; 8
0.81018730; 17
0.81036930; 20000
0.81036931; 12023
0.81045360; 17
0.81068050; 17
0.81075080; 25
0.81106500; 1
0.81120240; 40
0.81145487; 240
0.81153110; 35000
0.81175570; 42
0.81210644; 50
0.81223481; 340
0.81227236; 1100
0.81236550; 80
0.81255140; 40
0.81276300; 80
0.81294054; 1800
0.81296954; 210
0.81301953; 61
0.81329640; 420
0.81338550; 8
0.81346330; 42
0.81357980; 16
0.81372560; 16
0.81373670; 33
0.81379359; 380
0.81383978; 490
0.81384755; 3200
0.81399014; 150
0.81426656; 170
0.81431382; 12000
0.81454740; 80
0.81462295; 59
0.81462295; 59
0.81467480; 42
0.81497024; 160
0.81503339; 110
0.81505300; 0
0.81506470; 1
0.81508780; 8
0.81519730; 16
0.81523820; 200
0.81541919; 86
0.81559490; 42
0.81575440; 540
0.81590160; 17
0.81597279; 6800
0.81615520; 17
0.81620589; 180
0.81631212; 460
0.81633550; 8
0.81651469; 79
0.81654050; 3
0.81664480; 240
0.81678650; 25
0.81687750; 42
0.81697868; 3000
0.81721239; 440
0.81740860; 33
0.81743280; 16
0.81747040; 16
0.81771791; 62
0.81781956; 79
0.81788290; 16
0.81790344; 75
0.81813070; 81
0.81822650; 200
0.81827900; 0
0.81837230; 16
0.81838494; 71
0.81843930; 40
0.81869116; 12000
0.81899380; 33
0.81902580; 1
0.81904790; 16
0.81908851; 220
0.81910690; 84
0.81921360; 25
0.81921400; 0
0.81932355; 57
0.81943946; 420
0.81946980; 25
0.81959584; 110
0.81980670; 41
0.81984423; 110
0.82013540; 8
0.82021471; 460
0.82032011; 630
0.82051113; 130
0.82058920; 67
0.82069229; 56
0.82074787; 520
0.82085960; 16
0.82094459; 230
0.82097515; 47
0.82100470; 33
0.82105250; 16
0.82122219; 83
0.82127819; 74
0.82134513; 76
0.82141473; 600
0.82163520; 0
0.82172266; 540
0.82178170; 1
0.82178682; 130
0.82201086; 51
0.82205113; 160
0.82207508; 76
0.82208720; 25
0.82212330; 0
0.82216660; 8
0.82234070; 68
0.82240659; 54
0.82249628; 85
0.82249628; 85
0.82270960; 25
0.82274725; 420
0.82276831; 120
0.82287250; 8
0.82314068; 880
0.82324510; 25
0.82326730; 8
0.82333770; 17
0.82343477; 130
0.82349384; 180
0.82352160; 0
0.82354840; 8
0.82358190; 34
0.82363200; 210
0.82367390; 33
0.82377412; 57
0.82413550; 82
0.82437120; 16
0.82457810; 16
0.82460124; 50
0.82461700; 16
0.82523937; 4200
0.82536149; 540
0.82547429; 1400
0.82583390; 67
0.82589940; 160
0.82595125; 630
0.82595210; 2
0.82610146; 1000
0.82619869; 56
0.82630290; 0
0.82639241; 1000
0.82645220; 10000
0.82674120; 16
0.82709400; 25
0.82736090; 67
0.82739562; 63
0.82756267; 5900
0.82762433; 100
0.82809740; 41
0.82822514; 91
0.82844810; 25
0.82855543; 46
0.82870164; 100
0.82871345; 160
0.82884156; 350
0.82894470; 16
0.82908640; 16
0.82915230; 16
0.82918690; 8
0.82920390; 33
0.82925271; 650
0.82950329; 70
0.82955499; 640
0.82967230; 1
0.82971766; 620
0.82973884; 95
0.82983530; 85
0.83025760; 82
0.83044246; 230
0.83048440; 42
0.83064110; 8
0.83072450; 8
0.83092671; 94
0.83100760; 41
0.83110190; 17
0.83116305; 680
0.83132810; 17
0.83140796; 65
0.83142810; 34
0.83166040; 70
0.83171060; 17
0.83208553; 9600
0.83211560; 0
0.83228910; 42
0.83260680; 42
0.83272179; 120
0.83279070; 2
0.83283438; 78
0.83289978; 110
0.83292990; 16
0.83304495; 26000
0.83329500; 0
0.83334297; 120
0.83357069; 280
0.83369340; 170
0.83373300; 16
0.83383840; 1
0.83414782; 310
0.83426300; 1
0.83426860; 82
0.83441812; 64
0.83451830; 2
0.83458687; 140
0.83464200; 1
0.83465429; 200
0.83508650; 16
0.83510520; 82
0.83513670; 120
0.83551483; 51
0.83560687; 280
0.83575281; 53
0.83578359; 150
0.83587252; 1700
0.83602900; 0
0.83604917; 190
0.83630740; 2
0.83660743; 1000
0.83673940; 1000
0.83677111; 43
0.83684024; 89
0.83692179; 49
0.83693418; 1400
0.83713030; 8
0.83716580; 16
0.83742100; 88
0.83742100; 88
0.83747725; 85
0.83753330; 8
0.83754900; 0
0.83754900; 0
0.83760790; 2
0.83768960; 25
0.83792264; 430
0.83797681; 160
0.83830886; 100
0.83846390; 8
0.83849270; 67
0.83857286; 400
0.83871055; 400
0.83885366; 840
0.83912180; 0
0.83922700; 20
0.83923970; 340
0.83925488; 61
0.83928561; 96
0.83947220; 0
0.83957240; 8
0.83970740; 82
0.83981782; 230
0.83992582; 440
0.83996880; 210
0.84019906; 740
0.84035577; 180
0.84037967; 730
0.84057700; 120
0.84063173; 90
0.84066778; 380
0.84070183; 180
0.84082100; 15000
0.84105442; 110
0.84118800; 1
0.84119177; 690
0.84129826; 100
0.84140050; 17
0.84142730; 34
0.84149544; 75
0.84153858; 170
0.84157300; 7
0.84167269; 21000
0.84170941; 290
0.84176021; 180
0.84179982; 3900
0.84212254; 11000
0.84224640; 8
0.84229420; 17
0.84240269; 660
0.84246480; 20000
0.84263812; 290
0.84305875; 56
0.84324937; 110
0.84347800; 17
0.84357443; 140
0.84361180; 0
0.84405766; 110
0.84406686; 82
0.84407624; 96
0.84452088; 310
0.84454871; 6300
0.84465115; 16000
0.84499250; 18
0.84506729; 150
0.84508443; 120
0.84518390; 18
0.84523870; 170
0.84530460; 82
0.84534190; 46
0.84549287; 140
0.84552090; 18
0.84563470; 130
0.84620150; 37
0.84642365; 2300
0.84647612; 120
0.84656705; 520
0.84671640; 48
0.84689680; 63
0.84689680; 63
0.84694510; 28
0.84703580; 48
0.84718262; 1100
0.84725988; 160
0.84736570; 9
0.84778844; 72
0.84783578; 15000
0.84785323; 2600
0.84817560; 82
0.84824780; 9
0.84833017; 140
0.84856000; 30
0.84861080; 20
0.84865633; 130
0.84874835; 120
0.84885640; 10
0.84896292; 51
0.84913680; 20
0.84918193; 64
0.84960449; 120
0.84961784; 140
0.84963352; 390
0.84964602; 500
0.84967180; 330
0.84967411; 98
0.85000174; 74
0.85006798; 350
0.85009970; 2
0.85014399; 280
0.85017662; 49
0.85081860; 52
0.85092730; 20
0.85106237; 1600
0.85119092; 210
0.85125986; 65
0.85134064; 110
0.85136240; 20
0.85149049; 80
0.85149049; 80
0.85156150; 20
0.85165552; 1200
0.85193321; 690
0.85214005; 47
0.85214420; 15000
0.85215009; 67
0.85216200; 42
0.85230830; 50
0.85238480; 82
0.85247850; 21
0.85256510; 43
0.85287620; 32
0.85301590; 21
0.85309109; 130
0.85314507; 160
0.85318625; 46
0.85320904; 54
0.85322943; 51
0.85329138; 100
0.85346798; 150
0.85373790; 32
0.85397929; 1500
0.85402320; 43
0.85426180; 32
0.85434341; 68
0.85437226; 1100
0.85445953; 690
0.85470230; 4
0.85514600; 21
0.85517654; 75
0.85549438; 2800
0.85563248; 1300
0.85565974; 230
0.85584470; 230
0.85604349; 160
0.85623140; 54
0.85625500; 2
0.85631629; 91
0.85641422; 130
0.85645700; 54
0.85647475; 68
0.85648396; 130
0.85653400; 1
0.85682089; 280
0.85720750; 43
0.85731204; 7500
0.85740735; 65
0.85742540; 60
0.85753322; 260
0.85772772; 1400
0.85793550; 32
0.85820160; 43
0.85825390; 82
0.85839740; 21
0.85852620; 3
0.85876343; 98
0.85882189; 47
0.85884458; 140
0.85896870; 32
0.85907510; 82
0.85918390; 440
0.85926240; 3
0.85931085; 610
0.85949650; 10
0.85956550; 11
0.85964664; 64
0.85967007; 58
0.85997554; 95
0.86000160; 33
0.86009100; 130
0.86018440; 11
0.86040170; 7
0.86049220; 44
0.86051460; 22
0.86054818; 60
0.86057760; 7
0.86061530; 67
0.86076110; 2
0.86077331; 62
0.86093700; 44
0.86146870; 56
0.86162222; 700
0.86171233; 45
0.86185980; 56
0.86201937; 77
0.86213230; 330
0.86221011; 58
0.86238050; 7
0.86262540; 11
0.86280620; 42
0.86291415; 110
0.86303300; 56
0.86307496; 79
0.86311020; 1
0.86313565; 160
0.86317880; 22
0.86334550; 34
0.86339660; 34
0.86367800; 0
0.86367800; 0
0.86369280; 22
0.86372710; 57
0.86383625; 660
0.86394419; 1500
0.86396550; 91
0.86409720; 52
0.86428490; 13
0.86453092; 910
0.86482820; 71
0.86483958; 120
0.86491490; 320
0.86504500; 0
0.86504550; 28
0.86512560; 42
0.86558762; 750
0.86573900; 1
0.86597540; 32
0.86622700; 32
0.86633480; 65
0.86654853; 6700
0.86674461; 150
0.86679440; 4500
0.86681153; 760
0.86721590; 48
0.86722810; 19
0.86747670; 1
0.86753983; 99
0.86766290; 38
0.86784900; 190
0.86794390; 300
0.86803857; 200
0.86809900; 0
0.86813050; 40
0.86822198; 120
0.86824602; 65
0.86857314; 76
0.86860924; 170
0.86866194; 110
0.86878485; 590
0.86884290; 41
0.86891731; 89
0.86913353; 160
0.86930860; 2
0.86951060; 85
0.86985985; 260
0.87011207; 260
0.87033400; 65
0.87037020; 170
0.87048598; 320
0.87073586; 310
0.87092340; 3000
0.87104150; 170
0.87128527; 110
0.87136536; 110
0.87142677; 73
0.87149170; 24
0.87150650; 24
0.87169470; 1
0.87177540; 240
0.87193740; 3
0.87196289; 220
0.87216593; 230
0.87224583; 220
0.87237175; 150
0.87243765; 260
0.87274460; 100
0.87308224; 140
0.87324251; 1000
0.87329920; 50
0.87340235; 390
0.87344820; 130
0.87357350; 51
0.87363760; 43
0.87392510; 25
0.87397814; 370
0.87432544; 83
0.87445980; 130
0.87455090; 86
0.87472580; 51
0.87474980; 51
0.87480307; 10000
0.87491698; 1100
0.87497610; 43
0.87512053; 140
0.87537380; 53
0.87540090; 2
0.87550010; 80
0.87582431; 7400
0.87604492; 1200
0.87667463; 1600
0.87681969; 96
0.87682150; 1
0.87714650; 26
0.87718602; 158
0.87723837; 120
0.87728051; 1700
0.87735318; 120
0.87755729; 3300
0.87773330; 43
0.87782616; 72
0.87798980; 27
0.87803370; 27
0.87806980; 8
0.87827159; 260
0.87841416; 150
0.87845619; 370
0.87860290; 54
0.87883900; 0
0.87903759; 190
0.87905550; 1
0.87920568; 1200
0.87961407; 13
0.87981725; 310
0.87981725; 310
0.87984570; 42
0.87993530; 28
0.88038600; 1
0.88045893; 820
0.88058985; 140
0.88062294; 88
0.88102542; 250
0.88125109; 170
0.88161727; 370
0.88177428; 340
0.88202305; 650
0.88204213; 1200
0.88217569; 130
0.88263340; 0
0.88294700; 59
0.88296934; 220
0.88334710; 58
0.88361390; 88
0.88380090; 1
0.88411829; 2400
0.88418468; 130
0.88420741; 440
0.88423590; 29
0.88425270; 1
0.88435490; 58
0.88475130; 58
0.88479895; 100
0.88483037; 180
0.88493148; 350
0.88499100; 180
0.88503158; 130
0.88503158; 130
0.88505430; 58
0.88506950; 1
0.88525520; 29
0.88527909; 270
0.88541360; 29
0.88549075; 360
0.88568685; 54
0.88568685; 54
0.88578728; 75
0.88590176; 430
0.88594121; 84
0.88609758; 71
0.88622913; 74
0.88644940; 85
0.88655757; 580
0.88667143; 140
0.88671700; 2
0.88677400; 30
0.88688330; 4900
0.88702160; 1
0.88719838; 87
0.88719838; 87
0.88722253; 75
0.88724090; 30
0.88737300; 0
0.88752316; 650
0.88777390; 30
0.88808750; 42
0.88819001; 160
0.88825114; 55
0.88877810; 42
0.88891937; 550
0.88899700; 61
0.88901495; 22
0.88902798; 160
0.88927780; 61
0.88929861; 1400
0.88935392; 430
0.88951440; 1
0.88992982; 11
0.89008910; 67
0.89022100; 42
0.89028150; 68
0.89038336; 62
0.89045120; 1
0.89056560; 68
0.89069502; 120
0.89070308; 220
0.89070308; 220
0.89108563; 420
0.89127736; 120
0.89128670; 73
0.89148501; 73
0.89155220; 1
0.89185840; 38
0.89186980; 38
0.89197738; 73
0.89201900; 10
0.89242456; 84
0.89260740; 3
0.89268190; 1
0.89277290; 190
0.89280922; 400
0.89283840; 78
0.89286300; 130
0.89298340; 0
0.89300060; 85
0.89313307; 32
0.89333570; 42
0.89352250; 42
0.89354480; 1
0.89358120; 42
0.89375300; 1
0.89416590; 220
0.89425020; 86
0.89484207; 170
0.89491224; 1100
0.89521330; 88
0.89548170; 42
0.89558461; 1200
0.89565106; 53
0.89579856; 410
0.89592842; 62
0.89622080; 140
0.89628938; 130
0.89640526; 88
0.89649881; 51
0.89650959; 51
0.89668800; 0
0.89670008; 290
0.89676399; 19000
0.89689495; 14
0.89698663; 950
0.89713640; 59
0.89749230; 42
0.89788828; 67
0.89797022; 160
0.89806049; 76
0.89807387; 240
0.89821270; 91
0.89837220; 92
0.89852802; 210
0.89866158; 60
0.89874077; 530
0.89904776; 110
0.89908929; 300
0.89910720; 46
0.89944480; 92
0.89951887; 410
0.89958638; 62
0.89967706; 50
0.89978080; 31
0.89978762; 770
0.89995261; 76
0.90017700; 0
0.90079000; 0
0.90084569; 87
0.90098827; 440
0.90115149; 83
0.90125258; 740
0.90135810; 46
0.90139744; 97
0.90139744; 97
0.90143612; 49
0.90149380; 1
0.90165899; 2400
0.90175916; 102
0.90182200; 0
0.90223000; 0
0.90260040; 93
0.90261570; 93
0.90266319; 51
0.90313500; 1
0.90318188; 990
0.90324570; 140
0.90326340; 0
0.90344900; 93
0.90359204; 19
0.90378931; 790
0.90386907; 200
0.90389350; 93
0.90392770; 93
0.90401226; 670
0.90417170; 93
0.90453525; 1200
0.90463210; 0
0.90467122; 100
0.90469600; 140
0.90482496; 24000
0.90485247; 400
0.90512290; 7
0.90534851; 620
0.90543060; 93
0.90560790; 150
0.90582572; 110
0.90592640; 140
0.90607463; 50
0.90616832; 59
0.90625625; 450
0.90628790; 94
0.90639593; 2600
0.90661108; 260
0.90672476; 120
0.90676570; 94
0.90678900; 47
0.90680230; 44
0.90695811; 200
0.90722782; 260
0.90729540; 47
0.90750065; 220
0.90753940; 20
0.90761945; 110
0.90797072; 15
0.90823220; 67
0.90845110; 140
0.90904464; 140
0.90908183; 890
0.90948283; 4500
0.90948826; 160
0.90951026; 68
0.90957315; 56
0.90968110; 42
0.90979381; 55
0.90985743; 40
0.90993640; 100
0.91010823; 210
0.91031650; 100
0.91033416; 36
0.91039980; 42
0.91054684; 65
0.91065624; 102
0.91072265; 670
0.91076539; 47
0.91077880; 100
0.91093140; 84
0.91097938; 38
0.91109640; 100
0.91115310; 140
0.91126698; 85
0.91132390; 50
0.91134537; 68
0.91143480; 6
0.91181373; 180
0.91184319; 32
0.91196270; 8400
0.91196361; 1300
0.91229670; 35000
0.91233930; 50
0.91245130; 84
0.91263287; 160
0.91291818; 150
0.91296910; 130
0.91309678; 50
0.91322735; 360
0.91346914; 1100
0.91377311; 81
0.91384900; 0
0.91405555; 1500
0.91412450; 50
0.91413370; 100
0.91417640; 68
0.91418152; 40
0.91508200; 1
0.91515400; 0
0.91527795; 38
0.91527795; 38
0.91533659; 83
0.91552964; 120
0.91559443; 51
0.91560492; 27
0.91561873; 120
0.91569231; 46
0.91574213; 55
0.91590316; 17
0.91640810; 0
0.91642610; 210
0.91650137; 36
0.91658947; 2000
0.91674690; 53
0.91677946; 210
0.91678262; 63
0.91689170; 1
0.91708216; 360
0.91712620; 110
0.91750850; 110
0.91769680; 110
0.91787791; 1000
0.91798258; 40
0.91818962; 44
0.91863640; 53
0.91875650; 290
0.91885040; 110
0.91911850; 7
0.91916810; 110
0.91925919; 31
0.91935924; 520
0.91946380; 550
0.91972552; 58
0.91996837; 400
0.92017313; 610
0.92039611; 37000
0.92068286; 38
0.92080248; 160
0.92085807; 400
0.92103900; 1
0.92136668; 31
0.92136668; 31
0.92159192; 650
0.92188510; 110
0.92189849; 38
0.92214320; 390
0.92222677; 10
0.92223385; 180
0.92244990; 15000
0.92270570; 110
0.92275114; 2600
0.92278700; 57
0.92292180; 57
0.92306160; 57
0.92324955; 500
0.92332734; 130
0.92338570; 590
0.92343982; 55
0.92375500; 120
0.92393257; 270
0.92395998; 62
0.92402153; 48
0.92437598; 150
0.92452530; 430
0.92452552; 150
0.92481182; 60
0.92498870; 220
0.92499063; 94
0.92505777; 150
0.92526330; 10
0.92528615; 46
0.92532680; 43
0.92587720; 10
0.92603249; 370
0.92636825; 130
0.92662064; 10000
0.92669190; 1900
0.92670704; 180
0.92670804; 290
0.92676890; 230
0.92701496; 770
0.92711797; 110
0.92728240; 47
0.92747156; 38
0.92762726; 4800
0.92771643; 54
0.92797099; 26
0.92863800; 56
0.92875780; 170
0.92895619; 6800
0.92915310; 400
0.92922420; 87
0.92943215; 31
0.92949736; 330
0.93000126; 220
0.93058700; 1
0.93078951; 1600
0.93104435; 520
0.93110530; 87
0.93135100; 1
0.93177292; 800
0.93199227; 84
0.93200711; 130
0.93227603; 35
0.93230396; 81
0.93263025; 57
0.93272458; 95
0.93310500; 1
0.93359800; 0
0.93361619; 210
0.93364483; 38
0.93387676; 46
0.93407047; 2400
0.93440934; 160
0.93442075; 150
0.93448030; 7
0.93466450; 43
0.93492518; 52
0.93542200; 1600
0.93559906; 120
0.93572462; 78
0.93604660; 1
0.93609874; 180
0.93623256; 35
0.93626438; 90
0.93667410; 0
0.93667966; 71
0.93706523; 43
0.93740504; 41
0.93741630; 3
0.93746636; 31
0.93767844; 32
0.93797283; 82
0.93806434; 46
0.93831093; 52
0.93832717; 3900
0.93840992; 51
0.93889303; 1300
0.93905847; 660
0.93907170; 37
0.93920100; 0
0.93920209; 31
0.93922640; 86
0.93937752; 34
0.93940940; 0
0.93949100; 0
0.93966662; 44
0.93969000; 0
0.93981398; 33
0.93990886; 43000
0.94024177; 54
0.94051971; 35
0.94052751; 68
0.94068919; 63
0.94093483; 1800
0.94106926; 36
0.94136756; 120
0.94140881; 360
0.94174566; 110
0.94185820; 1
0.94204762; 59
0.94204980; 48
0.94206198; 150
0.94223133; 49
0.94229326; 40
0.94238434; 41
0.94309166; 48
0.94315989; 3400
0.94322822; 270
0.94325833; 46
0.94351225; 49
0.94362300; 13
0.94368122; 340
0.94398520; 0
0.94416275; 41
0.94419678; 59
0.94469886; 81
0.94504603; 110
0.94532000; 0
0.94552018; 320
0.94552970; 0
0.94560211; 69
0.94586250; 120
0.94608717; 550
0.94610272; 9700
0.94612063; 1000
0.94618945; 43
0.94668100; 0
0.94671949; 4800
0.94682800; 0
0.94706813; 6800
0.94712947; 37
0.94748788; 18000
0.94749211; 180
0.94752495; 35
0.94772641; 32
0.94808770; 7
0.94822485; 150
0.94822913; 230
0.94838500; 0
0.94869252; 640
0.94908597; 31
0.94909800; 0
0.94938645; 41
0.94940437; 46
0.94954974; 15000
0.94961127; 31
0.94971884; 23000
